364 938
56
57
75
98
23
99
61
10
49
77
38
80
19
12
62
57
8
17
24
97
33
40
61
12
56
43
26
79
35
21
19
4
79
60
53
5
9
48
10
51
53
65
18
97
31
22
95
81
20
79
73
75
81
31
59
51
82
76
16
83
71
88
44
39
15
59
53
5
81
21
39
82
30
60
44
100
22
77
67
3
49
13
63
92
97
82
33
45
10
90
71
91
100
48
55
92
40
86
8
79
73
86
72
27
89
29
81
62
75
94
7
76
54
12
23
2
79
72
45
20
78
84
35
63
65
100
47
21
53
78
77
38
36
79
83
75
33
85
100
74
24
7
63
77
51
33
86
95
43
16
5
24
59
37
87
37
53
10
65
99
63
79
33
33
66
41
34
2
12
3
10
63
72
59
90
76
64
74
63
72
58
41
80
15
45
60
96
70
66
39
38
65
50
6
67
87
73
77
39
35
44
25
96
87
48
13
99
69
81
95
31
40
52
91
41
53
86
75
84
21
52
60
99
76
17
39
28
12
93
34
30
91
26
80
77
62
97
100
74
10
64
91
10
3
6
90
13
89
26
25
83
73
49
85
32
34
89
30
2
75
90
65
43
86
83
29
96
86
98
51
96
44
62
99
16
72
50
17
70
32
29
26
46
23
73
32
17
14
25
87
83
38
87
62
53
100
44
85
96
98
39
64
48
79
20
91
38
100
56
60
33
3
39
57
57
3
21
34
55
53
56
2
48
31
33
67
37
63
34
28
86
23
16
45
96
12
84
74
75
6
17
44
82
83
17
96
10
2
52
54
32
13
20
96
68
83
20
63
54
74
87
92
48
53
166 A
107 softdrink 2900
193 alcohol 602
117 food 3540
110 0
76 softdrink 1519
174 A
298 softdrink 1744
123 A
81 0
311 food 4780
33 A
173 softdrink 1381
297 0
79 food 759
57 food 3979
93 softdrink 4162
188 A
302 food 354
27 food 3166
125 0
163 food 4329
342 0
217 softdrink 2197
352 A
126 0
272 0
11 A
74 softdrink 1028
244 alcohol 509
289 0
71 softdrink 4202
354 food 939
137 alcohol 2619
258 food 2068
131 food 3854
264 alcohol 3871
109 A
72 alcohol 780
74 softdrink 1568
58 A
82 softdrink 4702
335 food 3208
297 softdrink 4664
340 alcohol 3260
240 alcohol 2758
322 softdrink 2116
278 alcohol 1292
38 alcohol 3660
156 A
241 A
333 0
356 alcohol 2825
236 softdrink 3920
332 food 2179
36 alcohol 3167
312 softdrink 1479
62 A
41 0
80 A
141 food 1405
28 food 4064
186 0
300 alcohol 4887
234 alcohol 1333
274 softdrink 3886
228 0
3 alcohol 4936
69 softdrink 3957
187 A
210 softdrink 2116
289 A
338 alcohol 3550
115 softdrink 4805
324 A
294 A
325 softdrink 1625
160 alcohol 2375
212 A
110 food 3785
148 food 1699
35 food 1565
244 0
108 A
334 food 677
131 alcohol 928
47 alcohol 4550
136 alcohol 1778
264 A
329 softdrink 2245
27 A
277 0
331 0
43 food 596
218 0
101 softdrink 1959
201 alcohol 2331
158 0
265 alcohol 1927
66 alcohol 2928
5 A
135 0
22 0
144 A
172 softdrink 2348
221 food 3100
51 0
14 alcohol 2061
323 0
173 alcohol 1664
85 alcohol 4821
82 0
284 food 4710
213 alcohol 4050
69 softdrink 3657
90 alcohol 3728
163 0
164 softdrink 1775
359 0
61 A
307 softdrink 4414
143 softdrink 318
225 alcohol 3296
2 softdrink 4617
114 softdrink 578
133 softdrink 4904
50 A
358 food 4137
334 alcohol 1606
107 0
237 0
351 softdrink 4126
142 A
334 A
17 0
38 A
273 alcohol 751
243 softdrink 3558
219 food 3399
18 softdrink 3531
14 A
35 food 2665
204 alcohol 2034
317 food 4567
98 food 430
10 alcohol 928
64 0
360 food 4123
165 food 2548
309 0
333 food 2615
281 A
206 0
146 A
114 softdrink 4451
1 softdrink 780
29 food 4025
93 0
42 alcohol 1106
112 0
149 0
46 0
316 A
216 alcohol 2079
87 food 4979
362 A
338 alcohol 4617
51 A
122 A
337 A
101 alcohol 3742
261 softdrink 1316
213 food 2460
45 food 3193
276 food 1129
112 0
225 alcohol 4322
34 A
268 A
201 0
116 softdrink 1577
151 A
225 alcohol 1804
79 food 4561
90 softdrink 2295
261 food 3947
227 alcohol 2090
89 alcohol 771
20 alcohol 4954
7 0
308 softdrink 4792
162 A
171 0
136 food 2251
110 softdrink 4622
266 alcohol 1594
48 A
346 softdrink 760
158 food 3930
184 A
288 alcohol 2258
95 softdrink 3016
357 A
69 0
21 softdrink 3523
101 0
317 A
336 A
335 softdrink 4522
248 alcohol 2046
53 alcohol 2565
32 0
149 0
235 alcohol 1964
339 softdrink 4049
78 food 2263
258 alcohol 1030
216 food 4231
24 food 1615
26 0
26 0
204 alcohol 1159
217 alcohol 4878
153 softdrink 1198
89 A
93 alcohol 3149
273 alcohol 3931
271 softdrink 2965
259 alcohol 2982
219 alcohol 1085
49 food 4677
266 softdrink 4852
192 food 2393
186 A
335 food 4719
359 softdrink 2772
230 alcohol 4441
272 0
208 softdrink 3534
262 A
300 softdrink 2572
145 softdrink 2098
280 A
349 A
221 A
287 softdrink 4059
7 food 4403
72 0
19 0
231 alcohol 2263
208 A
160 food 3524
103 A
47 food 3247
15 A
169 A
251 alcohol 1792
114 0
10 softdrink 1779
196 alcohol 4079
35 0
303 softdrink 3214
255 A
270 0
37 0
107 alcohol 2710
32 0
56 A
91 alcohol 2999
299 alcohol 1421
247 food 2563
229 alcohol 3477
286 food 533
23 0
307 0
170 0
157 alcohol 1473
17 alcohol 1885
41 alcohol 930
258 alcohol 2679
96 softdrink 3428
309 alcohol 3190
145 softdrink 1965
96 A
90 softdrink 4837
240 A
135 0
261 alcohol 4226
19 food 1537
152 softdrink 465
207 0
185 A
147 A
70 softdrink 880
6 A
232 alcohol 3370
251 softdrink 928
330 alcohol 1942
192 softdrink 2734
251 food 2087
346 alcohol 3263
47 A
218 0
148 softdrink 1335
148 softdrink 2821
121 alcohol 3316
26 food 3183
214 food 1951
175 softdrink 4533
114 softdrink 664
182 food 861
219 0
24 A
273 0
270 food 2980
304 0
361 0
239 food 1274
70 A
338 0
222 softdrink 2813
275 softdrink 3794
141 food 2363
298 alcohol 1439
203 softdrink 4281
133 alcohol 4285
338 food 1568
49 food 1589
63 softdrink 4488
121 softdrink 3343
292 A
311 alcohol 851
204 softdrink 4948
351 softdrink 4221
191 0
182 food 2871
251 softdrink 2138
232 softdrink 2103
350 food 4897
75 0
42 alcohol 774
149 alcohol 1067
248 0
72 0
202 0
173 softdrink 1656
98 0
67 0
279 alcohol 2125
110 A
325 food 2202
201 food 3254
243 softdrink 4374
304 alcohol 664
180 0
130 alcohol 1996
202 A
219 A
99 alcohol 4864
126 0
234 alcohol 4192
220 softdrink 1585
330 0
73 A
143 alcohol 4343
210 softdrink 2885
150 0
121 alcohol 448
363 food 3046
57 softdrink 3957
164 alcohol 4618
42 A
279 food 3483
26 alcohol 857
148 0
159 A
85 food 471
40 softdrink 2978
226 softdrink 2232
252 alcohol 2465
250 softdrink 690
120 food 4514
165 alcohol 3649
35 A
191 softdrink 917
67 A
258 softdrink 1714
228 A
69 alcohol 3128
59 food 3566
52 softdrink 3090
72 softdrink 1796
112 A
211 A
83 softdrink 3542
91 A
176 0
311 food 4741
330 0
325 food 1659
348 food 540
57 softdrink 3399
86 0
222 softdrink 4404
66 0
285 softdrink 1806
69 alcohol 3474
118 food 634
326 food 4956
333 A
170 0
328 food 3244
355 A
63 softdrink 4413
269 0
296 food 4049
149 0
311 softdrink 2871
308 A
225 softdrink 3184
226 A
75 alcohol 3796
20 food 4556
93 A
293 0
140 0
74 0
126 0
358 softdrink 1735
217 softdrink 4936
225 alcohol 3115
2 0
74 food 3597
275 0
76 0
165 0
276 softdrink 2714
233 food 2064
301 A
361 0
271 food 491
8 A
4 A
90 food 2100
245 food 3073
13 0
193 alcohol 1773
143 softdrink 3918
271 food 4345
287 softdrink 419
189 A
63 alcohol 3886
313 A
348 0
22 alcohol 4653
271 alcohol 1275
180 softdrink 2217
59 alcohol 4632
245 softdrink 1355
136 softdrink 1063
231 food 3736
320 softdrink 1179
272 0
118 0
170 food 3967
296 softdrink 613
248 softdrink 2608
276 0
282 alcohol 3408
68 alcohol 1949
71 A
97 0
243 softdrink 4744
76 softdrink 2490
291 food 2485
261 softdrink 2300
304 A
246 0
298 0
1 0
127 A
342 softdrink 5000
217 softdrink 2769
181 softdrink 4858
21 food 2711
198 A
45 food 4589
257 softdrink 1065
135 alcohol 1675
325 softdrink 419
124 food 4491
154 0
353 A
266 A
329 0
28 alcohol 1006
195 0
68 food 310
17 alcohol 2195
130 softdrink 1206
74 A
201 alcohol 373
344 alcohol 3876
132 0
275 0
314 A
195 food 1246
168 softdrink 4808
111 0
236 softdrink 3075
148 A
319 food 2894
218 softdrink 1676
363 alcohol 1542
104 softdrink 4574
256 0
283 A
120 food 400
215 softdrink 1257
173 A
157 A
339 softdrink 791
72 alcohol 1471
117 alcohol 4970
163 0
277 food 3519
176 0
319 food 3732
323 alcohol 2016
272 alcohol 2688
18 alcohol 4867
63 A
46 softdrink 4763
7 A
277 food 4458
345 food 2247
55 softdrink 691
274 softdrink 2251
54 alcohol 2039
145 food 1359
310 alcohol 3752
60 alcohol 3251
181 food 1255
276 softdrink 3642
200 food 2585
180 alcohol 1519
76 food 1726
229 food 3252
277 0
247 alcohol 1161
298 A
79 food 3377
307 A
291 softdrink 3278
338 A
176 alcohol 1095
254 alcohol 586
65 food 3865
252 alcohol 3566
126 0
57 softdrink 3109
231 softdrink 1123
158 A
256 0
141 softdrink 4705
335 softdrink 3939
239 A
177 softdrink 809
17 0
231 A
149 food 4946
94 softdrink 1140
350 softdrink 3571
131 softdrink 3110
346 softdrink 2767
94 0
225 food 4394
182 softdrink 564
347 food 2215
65 softdrink 2908
98 alcohol 720
59 softdrink 4826
92 A
87 softdrink 863
79 A
340 0
117 A
153 food 4927
132 0
261 food 1672
3 softdrink 4524
119 0
1 alcohol 4364
25 alcohol 1708
252 softdrink 1838
44 alcohol 2778
311 softdrink 1596
136 A
165 A
233 alcohol 1954
251 alcohol 1167
54 softdrink 4158
102 0
40 alcohol 2048
180 food 777
85 food 1058
86 softdrink 459
300 food 1444
251 0
285 0
213 food 4736
196 A
13 food 4016
302 alcohol 4033
344 A
285 A
348 A
9 alcohol 1643
20 food 4350
17 A
55 A
28 A
153 alcohol 2441
40 A
183 0
312 A
315 A
121 A
332 softdrink 334
275 softdrink 3720
77 softdrink 4733
88 food 382
311 0
141 A
332 A
29 food 374
272 0
271 alcohol 4685
153 0
85 0
49 A
361 A
251 0
37 food 4075
64 softdrink 1216
299 0
135 A
167 0
363 food 4884
243 softdrink 3392
201 A
238 softdrink 3003
206 0
275 A
249 softdrink 557
256 alcohol 3171
150 food 524
68 A
351 softdrink 2650
76 0
57 alcohol 1692
95 food 1465
254 food 3450
20 0
248 softdrink 2404
234 0
90 A
179 A
235 alcohol 4477
351 food 1610
252 alcohol 1973
94 A
118 alcohol 3384
237 food 4965
20 alcohol 4257
296 alcohol 2854
293 0
126 A
248 softdrink 1222
45 0
279 alcohol 1686
194 0
342 softdrink 4592
98 A
327 0
350 0
299 A
36 0
72 softdrink 1421
351 0
247 A
41 food 2106
139 A
215 0
218 food 1664
329 softdrink 4670
118 food 3603
44 0
223 softdrink 4009
22 A
155 softdrink 3039
290 softdrink 1980
257 0
76 A
244 food 2791
310 alcohol 2736
233 A
115 0
341 A
53 0
331 0
163 alcohol 2215
237 0
288 0
267 food 4211
258 food 817
99 food 3187
83 alcohol 1584
214 food 3261
178 softdrink 2810
263 softdrink 2674
234 softdrink 644
296 softdrink 3453
128 softdrink 3732
39 softdrink 3210
246 0
171 0
134 0
177 alcohol 4784
137 alcohol 1466
54 softdrink 370
342 alcohol 3966
267 0
1 alcohol 3535
131 softdrink 1354
261 A
224 alcohol 4315
124 food 3858
214 A
234 alcohol 4562
195 A
54 0
335 food 4388
340 food 307
250 alcohol 543
253 0
180 softdrink 1702
311 alcohol 2224
321 food 4906
88 alcohol 2112
145 A
273 alcohol 3160
295 softdrink 1617
363 softdrink 1617
257 food 1486
265 softdrink 1030
65 food 3242
176 alcohol 3098
325 softdrink 3503
274 alcohol 2873
119 softdrink 4499
41 A
160 softdrink 4084
325 food 3097
230 softdrink 1108
222 A
282 alcohol 2108
286 alcohol 2781
220 0
183 food 4434
19 alcohol 3951
53 A
116 alcohol 4479
293 0
66 softdrink 4804
78 softdrink 1399
161 A
9 softdrink 3181
236 food 700
111 food 1304
114 food 4367
155 food 453
129 A
107 food 2840
296 A
29 A
175 food 3564
326 food 4010
347 food 1120
215 alcohol 3195
128 A
46 alcohol 1893
297 0
215 food 3435
164 softdrink 769
351 food 2155
180 0
273 food 3784
216 food 3282
163 0
52 A
319 alcohol 3443
328 A
311 0
164 A
183 food 540
204 0
339 alcohol 2045
251 A
23 food 415
132 0
347 softdrink 3081
23 food 4341
183 A
177 alcohol 2957
133 0
253 A
115 0
274 softdrink 4565
125 alcohol 2833
1 A
331 A
269 A
95 softdrink 995
319 0
363 A
16 A
277 food 2052
83 softdrink 4941
64 A
84 0
43 alcohol 911
305 A
43 A
115 A
9 softdrink 3682
323 food 4353
263 0
26 food 976
176 alcohol 4333
277 alcohol 2028
119 A
101 A
263 softdrink 1619
237 softdrink 2264
191 food 2084
180 softdrink 1369
234 softdrink 2348
83 A
270 A
20 softdrink 4837
23 A
106 A
105 A
322 alcohol 2279
318 alcohol 1481
345 A
302 food 2154
271 0
45 alcohol 1236
215 A
229 alcohol 2937
57 food 2473
99 softdrink 941
20 alcohol 3346
180 A
235 0
172 softdrink 512
277 softdrink 2041
274 A
351 food 4260
69 alcohol 2256
168 0
327 A
237 alcohol 3540
248 softdrink 2935
140 0
310 0
78 softdrink 4224
322 A
291 0
200 softdrink 510
242 alcohol 2307
197 softdrink 2004
243 alcohol 3000
102 0
295 alcohol 3054
155 A
170 food 545
260 softdrink 1306
45 alcohol 2554
356 softdrink 4376
87 softdrink 707
77 A
259 food 4119
206 0
138 A
107 food 3968
267 0
242 food 4983
306 A
236 softdrink 376
203 alcohol 4156
206 0
20 food 4780
321 alcohol 3642
276 food 4533
279 0
207 alcohol 4350
65 A
249 0
176 softdrink 2720
223 alcohol 385
321 alcohol 3263
242 food 2072
279 food 1205
259 0
229 softdrink 4270
120 A
190 food 3813
232 softdrink 3862
318 0
237 food 2983
260 food 3704
287 food 3544
152 A
250 A
356 0
267 food 1607
85 alcohol 1188
347 softdrink 1618
168 A
194 softdrink 493
244 food 2046
124 alcohol 874
113 softdrink 4303
227 food 3915
197 A