1000 1000
178 92 451 45 499 870 245
409 897 35 135 681 527 382
568 599 653 116 817 366 860
486 872 287 327 492 289 755
163 999 931 955 181 447 133
11 110 230 501 412 200 324
185 920 353 347 445 889 381
637 465 715 110 152 672 9
791 178 85 771 521 410 501
279 912 706 760 750 409 15
23 905 717 700 79 665 572
670 197 565 746 739 4 370
290 600 410 922 841 161 778
243 831 896 759 147 687 516
680 82 851 505 513 687 852
339 907 995 80 436 625 217
598 245 129 326 483 148 387
149 11 704 653 965 402 423
887 746 747 529 809 273 307
34 641 237 174 311 374 986
144 43 899 789 133 674 619
688 336 773 951 938 802 849
601 220 505 150 811 356 224
347 43 198 322 883 699 105
696 926 673 707 182 841 508
464 348 631 353 616 587 669
257 146 258 643 501 284 975
95 778 276 582 212 754 177
809 568 668 601 174 266 985
404 541 965 274 308 782 549
562 296 241 429 755 489 886
960 739 829 853 640 105 298
430 406 79 372 858 444 328
212 421 156 972 297 819 36
152 620 719 645 159 152 270
31 61 41 348 171 430 347
921 868 806 284 123 224 915
865 773 593 583 623 42 861
582 210 999 749 509 839 281
906 13 178 943 335 213 411
286 118 424 682 270 40 876
4 339 20 439 320 349 673
539 808 498 524 255 671 884
922 870 873 319 393 795 657
448 537 614 518 86 414 329
450 355 161 253 903 922 87
512 584 90 341 562 973 861
979 399 701 279 80 857 471
323 16 296 840 247 253 344
221 538 855 184 298 255 185
850 156 553 224 585 20 61
580 780 588 782 584 982 75
803 831 64 484 439 159 749
893 191 541 250 38 534 877
897 265 573 970 811 39 179
989 740 65 695 14 708 473
7 685 643 454 826 959 617
964 415 162 470 77 966 91
617 15 373 47 428 383 179
102 946 301 964 269 575 467
695 834 9 262 157 932 459
581 942 249 622 81 744 608
212 362 912 515 196 359 664
484 817 601 92 749 319 465
883 946 670 937 39 264 341
291 558 126 72 786 869 918
291 889 236 811 524 131 305
751 673 325 966 863 564 454
381 106 451 364 421 190 298
941 617 810 78 816 878 96
210 28 369 555 26 536 411
306 117 953 691 964 829 517
397 430 439 876 397 396 864
197 575 24 683 255 949 736
561 669 406 895 813 937 751
333 247 589 532 63 343 809
25 143 318 789 277 904 778
138 991 976 514 918 332 423
247 219 564 179 323 459 334
753 493 241 985 731 644 831
922 626 144 157 787 735 296
775 581 423 537 676 659 170
514 849 282 89 752 527 315
566 443 447 925 58 409 457
782 783 147 228 786 930 412
173 974 566 695 133 297 570
860 646 745 715 669 436 749
862 211 5 23 703 778 739
791 997 46 943 27 570 778
363 722 408 196 976 708 818
41 595 150 989 94 972 344
922 787 675 862 87 342 60
650 862 478 367 572 699 218
239 511 759 819 301 950 238
972 331 326 565 751 249 317
192 159 524 61 872 797 226
576 870 788 920 823 815 393
462 782 307 425 1000 411 434
85 493 138 151 187 567 119
632 707 50 200 468 249 574
851 72 660 345 766 415 848
946 190 35 1 970 624 716
518 493 692 556 698 422 463
316 761 563 329 903 175 663
871 333 446 904 89 270 559
201 712 725 334 274 656 394
228 543 17 422 433 637 21
12 417 368 790 513 818 311
802 395 165 430 237 735 24
137 993 114 223 774 751 783
314 624 144 360 897 442 864
202 502 658 42 269 982 299
184 868 265 142 341 255 249
701 676 965 280 964 126 381
489 237 962 677 1000 120 190
795 299 997 955 175 650 59
823 751 496 967 637 994 718
159 382 344 127 354 39 503
338 173 214 607 578 633 99
991 63 866 788 931 270 216
135 568 819 361 799 519 196
13 593 947 429 865 236 323
547 986 724 293 828 39 348
18 895 962 431 260 942 793
73 729 227 619 981 815 829
453 666 769 236 520 53 169
815 466 214 366 163 784 939
931 883 943 6 595 577 969
588 924 794 897 183 204 457
829 570 821 372 995 473 508
887 412 240 40 410 515 743
417 10 679 247 798 603 901
528 581 56 210 316 612 621
409 70 733 706 420 237 601
263 855 749 757 150 781 317
459 166 277 665 130 525 276
672 786 644 988 891 806 537
885 984 520 788 40 216 315
147 868 763 387 699 665 457
748 8 860 399 418 281 718
238 715 711 931 747 296 224
867 166 972 131 95 731 716
633 267 827 426 575 148 198
173 543 422 151 480 38 204
441 554 744 638 851 96 972
267 982 763 171 217 991 150
337 825 424 263 312 833 687
101 501 268 72 792 455 123
401 161 754 519 491 259 261
814 821 230 317 933 840 996
264 578 454 876 945 962 103
209 805 620 487 289 308 100
728 431 985 496 541 922 62
579 925 590 453 989 153 168
846 106 700 776 949 73 341
170 584 984 147 837 434 547
183 52 421 400 919 275 967
696 794 382 775 290 31 447
978 932 29 993 730 262 609
13 410 443 687 416 10 819
300 26 320 483 711 294 922
422 214 614 399 920 125 842
800 703 86 384 396 517 25
376 655 219 921 293 804 710
345 176 758 411 99 125 86
400 389 789 552 851 285 382
703 214 345 136 20 712 111
850 709 850 127 908 851 797
320 302 620 526 100 753 465
723 711 540 388 428 850 238
585 760 798 252 223 601 395
490 335 59 584 527 58 855
300 566 124 457 127 478 646
808 913 220 51 999 476 685
765 310 669 64 593 522 426
953 73 726 138 660 852 362
378 632 673 681 796 985 475
600 115 565 167 739 461 480
326 745 932 283 465 840 483
872 122 364 209 117 824 372
681 373 289 183 412 420 712
632 385 464 972 346 239 85
320 239 25 577 366 356 133
370 563 471 704 362 257 205
718 716 550 858 314 167 136
59 91 179 562 322 56 425
975 807 390 844 628 266 346
941 591 593 405 555 972 575
817 661 235 913 453 757 968
145 423 684 37 719 668 433
672 535 593 249 362 925 350
328 448 870 389 492 433 392
829 63 222 809 183 653 349
461 206 410 504 567 883 448
678 817 98 86 855 764 781
449 493 456 951 702 713 89
313 627 453 161 723 183 38
414 390 170 916 459 832 461
660 44 451 174 57 19 59
489 664 446 538 662 67 491
650 315 729 654 231 933 922
643 217 572 739 852 630 709
639 478 77 572 51 390 710
111 56 542 228 800 183 549
908 501 51 87 361 548 165
421 611 372 462 306 712 980
980 555 850 840 504 968 985
121 655 775 754 918 972 12
560 315 215 479 104 181 880
345 660 298 263 661 909 505
702 722 123 680 470 779 882
465 819 221 620 117 918 429
432 57 372 707 920 494 817
392 649 117 980 445 882 581
751 618 498 704 676 249 972
336 826 162 562 359 840 902
353 704 621 60 91 143 284
474 534 244 685 957 382 754
791 299 599 565 588 675 752
747 288 846 418 786 141 332
760 304 907 472 38 767 244
779 605 395 232 382 61 154
610 359 705 77 957 387 799
98 463 783 548 183 771 407
738 597 543 312 488 807 891
697 230 816 66 830 65 645
826 815 937 790 909 452 457
801 469 627 802 463 622 62
577 241 345 314 78 696 866
759 835 114 91 96 854 421
548 494 108 466 132 582 774
390 860 131 349 948 152 896
458 989 158 843 129 954 641
929 586 809 435 882 830 868
507 960 773 750 119 505 655
64 218 175 965 811 158 764
72 570 968 845 102 923 336
969 846 648 828 959 531 213
296 966 869 608 501 133 953
432 907 844 843 912 306 448
884 932 205 266 516 738 331
79 471 512 141 44 889 856
887 372 853 118 837 138 340
849 853 837 275 103 89 722
482 494 676 725 367 975 58
40 919 143 784 329 788 925
85 270 79 135 15 913 591
461 268 363 430 231 260 805
386 852 987 250 80 687 635
628 130 774 768 865 165 917
42 343 405 135 67 703 641
211 138 110 958 887 781 359
561 668 147 366 594 669 619
182 490 475 215 529 258 317
386 302 880 593 404 862 401
406 70 821 659 652 546 39
11 493 476 589 167 374 943
998 348 44 817 123 388 904
65 740 356 823 356 634 947
154 28 312 504 75 451 318
697 999 985 783 255 728 938
216 766 777 39 701 940 629
372 968 195 968 840 992 644
396 460 105 391 466 656 243
35 917 302 512 778 448 66
624 139 768 696 379 682 130
899 947 336 476 571 658 54
985 61 507 850 673 953 990
174 50 194 989 41 847 891
560 257 461 232 401 648 357
6 254 195 226 591 607 721
494 494 790 700 452 904 651
118 877 586 835 630 130 312
375 827 642 59 834 488 442
338 834 509 472 127 286 600
29 236 387 183 75 632 292
827 262 697 71 222 909 136
572 960 239 225 147 330 796
25 78 238 511 888 873 467
440 615 76 404 464 806 280
970 548 490 325 509 402 672
510 922 315 345 61 120 69
787 409 516 326 950 579 372
127 390 577 133 813 929 414
587 725 207 904 121 946 231
787 633 407 251 626 919 475
586 347 342 22 585 492 555
901 609 695 576 105 39 28
133 64 886 24 681 665 379
123 568 883 239 883 595 690
257 515 289 148 870 502 679
641 632 571 30 500 598 5
807 388 607 121 965 533 939
483 632 404 386 955 654 445
967 203 48 726 783 538 549
559 1 859 192 85 535 183
436 95 561 403 570 853 384
942 832 389 629 928 213 794
418 999 45 65 858 136 324
942 78 612 846 948 261 796
710 783 555 986 268 390 292
973 71 954 630 722 506 881
494 161 887 103 920 142 216
774 925 444 930 895 917 895
964 276 278 513 610 145 203
645 642 295 817 518 843 971
353 616 356 948 992 26 625
945 910 705 453 751 813 985
646 562 435 691 830 62 727
314 616 802 390 945 16 259
467 366 264 241 767 710 21
849 911 194 408 794 219 997
658 343 716 28 140 849 487
608 70 967 30 649 230 489
166 321 3 486 174 416 265
405 752 55 675 14 584 60
401 618 938 452 572 511 284
186 581 712 639 218 870 690
993 188 891 430 460 833 319
375 783 614 65 183 235 979
279 965 212 902 751 896 674
925 9 734 137 506 137 53
939 114 503 682 403 89 294
992 501 446 146 191 360 193
667 891 420 5 608 707 468
477 727 798 802 402 163 582
636 466 180 636 967 225 993
102 240 921 86 910 90 135
193 624 838 952 568 265 110
223 610 179 720 503 107 501
785 26 509 320 434 136 24
345 338 340 327 965 489 415
534 161 348 583 264 369 862
192 637 899 84 635 229 391
279 194 954 239 80 986 628
254 427 400 299 349 913 199
44 219 602 762 153 187 192
287 851 415 156 553 85 6
459 159 6 204 531 662 431
397 966 255 454 876 358 33
474 868 57 17 518 522 526
165 945 285 30 473 229 141
362 453 226 272 112 823 561
106 299 983 692 719 350 529
7 292 174 129 211 393 576
39 207 106 709 887 819 894
920 830 886 437 424 225 270
831 481 545 503 341 862 109
953 93 110 128 32 398 821
677 528 456 343 60 438 988
443 341 970 244 68 332 671
533 46 795 664 994 891 646
606 812 553 794 709 610 4
862 441 516 462 336 83 346
180 347 922 380 859 124 677
196 236 430 596 203 643 340
545 793 201 297 29 957 59
173 245 257 456 977 782 246
184 15 704 319 262 345 194
982 142 389 420 973 1000 96
3 239 407 68 49 83 718
764 800 672 777 788 816 410
965 123 777 524 101 804 637
987 710 962 210 627 393 33
317 643 869 939 219 297 137
570 367 962 546 411 961 383
623 480 273 140 752 287 199
109 760 757 466 655 768 829
777 565 673 736 151 563 632
548 562 538 741 473 241 33
556 151 777 805 823 399 620
190 797 973 464 578 135 633
141 603 404 452 589 208 517
793 444 230 85 743 645 396
468 610 264 665 859 755 724
775 951 631 991 576 370 677
24 16 669 666 990 497 676
976 7 727 282 105 390 190
792 439 704 376 157 384 364
472 153 300 883 517 224 14
470 822 634 49 645 962 41
630 829 561 687 564 452 795
924 907 716 741 145 396 650
739 550 270 876 69 599 317
837 398 393 465 18 789 758
100 442 572 741 790 182 343
997 766 294 130 491 423 951
940 742 478 796 290 742 892
507 38 195 236 884 519 732
44 237 551 126 908 490 509
16 429 846 78 53 695 351
314 633 94 448 385 329 117
175 480 565 823 433 660 522
329 53 836 86 699 418 156
999 872 578 92 127 673 131
835 29 298 452 520 899 166
986 561 235 4 915 227 293
723 753 619 106 735 751 619
547 45 612 522 66 926 859
946 730 262 964 428 693 257
505 927 188 608 128 405 935
509 851 494 22 620 336 608
386 497 418 468 33 356 321
655 495 731 600 578 689 826
374 227 144 212 795 51 712
131 654 381 502 649 974 38
939 775 422 722 431 180 716
221 779 507 303 218 485 175
765 317 812 61 726 488 400
852 822 206 801 248 340 440
497 644 738 213 493 775 375
251 785 164 379 416 146 63
678 977 887 92 658 608 582
760 263 276 17 544 268 660
749 409 451 250 858 410 585
139 364 972 757 304 412 674
561 810 297 593 226 479 602
808 880 799 73 61 485 535
985 757 195 408 731 795 799
358 861 738 602 620 681 927
694 155 243 368 699 773 630
583 981 207 415 91 684 77
600 41 346 499 510 722 170
419 989 316 551 436 612 461
517 587 324 582 916 529 349
630 59 435 376 216 886 727
746 383 937 507 674 62 74
916 418 251 474 959 244 408
690 994 346 664 548 772 561
899 359 633 553 46 347 310
760 585 44 967 693 691 540
622 795 270 37 955 681 936
454 616 62 437 495 162 335
147 676 681 363 370 287 261
838 116 700 131 943 395 941
701 513 159 401 831 942 203
64 900 760 580 434 896 100
258 823 901 363 418 550 443
245 782 124 469 334 903 809
513 324 9 803 510 782 525
118 246 229 529 526 992 302
376 925 159 590 814 145 183
373 496 870 934 590 146 599
644 970 894 686 125 291 863
872 965 365 922 176 129 626
226 675 445 370 349 597 182
961 419 313 404 933 501 449
8 811 812 196 747 263 448
65 290 59 200 672 362 767
318 49 633 678 184 877 231
842 55 703 552 817 904 304
884 888 912 468 612 156 910
815 34 173 624 870 637 839
162 940 690 1 57 459 317
937 432 518 285 984 351 610
652 748 92 163 866 931 887
5 918 351 78 60 167 932
343 826 585 895 803 453 787
780 939 399 314 221 171 776
265 1000 498 989 404 31 434
509 596 198 45 643 307 176
403 426 922 699 596 68 922
253 992 406 509 262 573 413
532 18 158 878 866 2 672
77 297 457 17 472 568 770
100 257 232 180 236 515 242
515 399 248 890 920 8 577
622 264 675 388 89 827 67
188 354 773 622 869 522 183
221 301 253 392 142 177 737
719 665 638 336 469 629 896
596 517 438 565 839 464 121
248 548 648 844 338 658 376
231 818 80 104 799 712 283
814 225 415 580 246 903 867
111 947 267 609 930 445 585
646 131 684 827 928 327 758
202 833 666 458 133 318 285
127 544 64 780 8 650 289
446 537 736 94 128 565 34
574 889 238 378 26 454 350
695 971 950 802 142 362 454
235 429 77 70 223 165 425
397 445 448 477 777 349 143
618 64 476 531 199 41 120
153 11 308 428 762 252 159
196 7 332 595 627 984 38
648 495 738 438 717 726 635
937 801 393 249 5 58 249
85 556 887 348 664 275 232
913 625 129 402 651 16 943
442 156 904 767 863 285 612
751 476 488 299 262 573 219
345 934 382 282 886 568 627
364 684 531 366 485 298 395
107 650 541 918 940 344 804
209 36 557 706 110 852 487
22 411 317 82 25 119 703
855 531 817 793 206 326 198
928 514 605 690 358 257 30
78 516 531 198 308 270 625
63 613 121 415 205 779 123
333 317 778 778 223 9 976
157 993 440 461 594 742 749
265 907 786 529 478 100 125
732 627 187 1000 461 898 420
354 114 782 183 850 672 447
248 277 869 608 617 764 151
578 366 335 906 742 493 845
739 770 398 103 912 572 509
641 645 925 654 957 418 518
739 567 146 52 184 734 4
875 253 581 539 475 686 751
716 73 216 1 457 534 877
982 486 904 109 799 711 264
934 746 715 585 194 77 371
731 404 968 529 529 833 362
962 889 269 631 920 223 118
571 464 86 661 738 272 813
80 126 238 521 531 458 847
415 48 769 165 9 182 854
782 917 415 879 213 787 387
99 528 938 492 601 54 947
236 399 538 417 883 304 460
226 401 200 450 275 952 949
645 613 740 657 638 657 900
801 735 935 403 309 476 790
602 733 474 414 346 994 641
883 705 348 699 674 76 265
600 260 541 351 305 821 376
914 864 79 686 124 693 947
451 354 651 423 163 992 495
590 609 613 697 245 47 213
344 731 368 461 7 855 19
156 450 843 218 217 783 223
281 776 964 309 120 326 612
439 674 693 129 929 141 837
392 51 916 255 626 125 552
436 589 210 359 237 298 793
652 999 735 955 636 892 143
249 954 353 947 436 166 596
937 635 597 181 19 781 706
126 643 497 512 353 496 398
526 5 512 934 873 95 983
357 731 610 886 376 331 572
933 538 567 512 447 493 803
361 133 294 795 279 957 90
865 26 905 356 118 20 10
89 17 630 878 245 332 176
899 811 575 538 416 338 933
438 636 239 523 133 665 946
256 362 486 68 278 372 372
158 875 813 573 403 269 185
203 310 770 334 680 43 153
214 770 735 395 481 916 608
350 478 119 49 125 94 855
434 441 600 646 36 652 457
557 848 936 78 148 633 839
832 140 150 655 569 225 170
318 581 695 894 887 681 623
783 996 30 208 596 482 881
956 578 436 674 951 103 688
500 937 48 789 789 984 550
556 206 850 35 65 528 564
544 498 777 8 158 135 7
223 871 836 9 986 618 671
229 82 712 767 755 393 304
988 996 515 483 519 281 315
648 160 167 139 862 398 75
78 632 106 514 379 622 343
595 972 703 115 70 480 873
511 10 619 576 456 119 464
735 838 841 519 831 975 503
399 704 870 201 290 269 810
922 232 815 587 400 800 102
612 726 201 627 592 860 983
329 386 203 65 644 503 578
641 751 91 365 400 587 869
638 345 412 66 544 902 491
885 307 304 295 843 554 748
702 84 183 470 442 37 120
865 249 858 144 158 398 495
224 711 585 906 606 326 303
521 252 511 915 654 445 353
82 888 937 686 22 135 699
503 988 405 775 988 599 872
416 16 956 136 26 225 675
189 488 301 568 886 826 605
263 991 396 649 529 897 267
698 333 507 966 253 868 910
857 263 821 549 541 99 712
583 457 578 682 254 953 283
715 577 732 200 958 355 687
138 754 745 685 691 769 784
865 423 994 331 934 221 446
600 891 21 255 36 86 913
148 423 775 927 106 768 557
279 906 874 546 807 471 786
654 978 823 738 648 997 914
866 336 188 774 206 85 486
918 982 509 421 563 460 291
202 201 716 608 119 707 599
268 707 529 161 91 501 321
338 494 410 216 183 447 933
931 893 986 176 860 683 944
622 59 451 967 427 37 556
757 228 449 44 511 279 505
237 666 251 63 758 31 56
974 458 841 206 399 625 948
860 324 42 263 703 412 230
164 922 512 918 198 54 279
493 983 862 996 6 603 525
172 559 170 856 521 308 203
348 807 829 912 326 213 251
66 301 380 309 775 280 169
254 63 348 701 552 351 923
306 130 353 34 79 123 645
39 949 45 926 860 75 681
893 683 699 165 301 257 482
396 224 229 919 793 958 2
688 240 115 832 196 953 871
469 214 235 543 704 41 689
243 766 601 258 280 721 520
530 634 829 977 614 490 899
161 396 388 413 501 50 754
473 388 935 201 618 80 90
261 222 442 690 359 728 932
663 8 307 223 18 933 778
458 64 74 395 206 601 104
708 639 82 300 715 278 7
376 882 727 905 5 278 14
585 906 855 700 241 913 383
550 272 177 612 64 820 178
839 236 488 890 355 30 701
573 69 286 448 801 997 75
550 266 229 510 208 946 840
214 482 967 452 225 945 968
321 359 345 728 257 925 821
89 381 531 897 371 879 325
723 488 983 948 104 730 287
28 500 783 145 696 256 700
681 377 964 903 290 248 127
219 170 486 360 410 158 364
659 27 452 246 900 235 494
612 810 567 503 757 873 825
200 67 764 560 480 892 905
676 433 625 960 364 383 421
460 847 475 208 285 442 482
897 250 337 150 750 35 337
114 14 837 297 864 391 444
143 274 103 844 58 724 691
466 53 32 869 599 800 532
871 154 430 429 743 53 95
340 463 467 442 40 384 531
783 821 715 117 485 512 323
236 756 965 107 517 399 904
594 181 395 274 998 500 336
636 928 974 970 388 456 631
29 153 664 111 389 128 355
525 658 283 708 199 120 807
161 564 900 916 662 518 709
626 517 282 236 369 717 79
460 16 198 219 156 954 676
351 24 991 563 966 544 251
318 187 124 436 378 570 480
573 141 304 260 367 887 145
353 354 979 584 715 70 258
409 407 23 136 766 876 993
592 75 94 780 212 233 401
843 60 340 799 468 865 56
623 380 81 316 572 581 17
365 796 805 545 681 216 552
838 967 933 566 708 315 33
291 627 59 338 547 546 812
932 237 731 142 469 744 553
776 496 572 397 212 730 882
507 171 179 152 911 657 174
615 531 397 709 482 268 484
572 866 970 212 291 992 714
404 769 141 114 948 998 288
937 881 325 482 822 517 412
279 433 198 546 150 874 159
50 872 204 9 852 189 628
110 974 174 919 186 269 419
66 721 16 636 47 694 304
444 698 190 638 883 879 515
553 567 235 439 922 184 574
21 1000 118 135 601 872 373
855 125 185 800 125 583 756
118 971 681 591 647 317 716
41 605 983 946 784 298 109
756 993 978 488 93 223 84
693 184 25 17 716 322 765
197 74 77 438 903 178 385
974 284 405 641 648 111 481
744 43 766 174 892 150 447
41 425 276 640 9 227 283
26 684 339 296 154 448 909
654 927 157 205 863 833 282
252 840 55 143 145 105 659
432 665 700 692 824 938 857
373 510 120 49 815 333 871
41 17 919 216 143 509 549
337 399 288 706 307 899 716
842 637 44 294 735 988 631
621 614 781 209 138 593 517
376 272 878 523 241 886 164
80 242 270 915 880 82 791
334 371 410 905 636 512 781
606 635 711 213 676 991 133
17 466 960 51 387 818 921
522 639 921 208 674 432 202
980 789 472 473 934 933 397
827 400 421 164 741 671 54
123 819 856 828 767 119 617
836 874 290 291 307 707 764
755 995 864 355 125 540 53
57 12 284 254 609 918 315
663 340 272 758 657 497 261
916 56 964 219 83 468 654
768 200 738 451 389 485 347
876 994 314 789 530 91 958
403 1 699 643 770 414 15
126 836 335 789 891 837 43
74 191 348 695 584 710 602
72 102 4 135 323 654 490
16 927 13 250 974 193 998
774 838 569 234 895 880 692
954 486 43 65 214 910 312
833 507 223 35 567 169 835
732 889 410 621 194 382 825
377 415 981 951 203 415 220
356 85 643 99 201 514 388
73 166 43 992 878 116 700
980 108 962 171 74 992 622
779 825 713 770 842 286 141
775 341 418 811 450 303 845
363 696 556 691 835 748 84
408 27 162 119 287 922 789
67 174 379 74 259 847 815
823 261 442 260 792 234 615
684 820 721 30 471 278 506
258 597 5 55 285 848 144
232 849 489 369 249 643 200
754 366 366 742 69 73 215
562 953 761 28 601 51 796
790 921 140 705 808 652 699
687 625 575 199 53 759 36
256 892 790 326 433 207 559
744 187 144 286 96 295 657
826 596 575 562 502 506 914
479 17 1 245 219 25 122
971 653 524 46 994 920 128
591 40 483 151 808 228 176
911 132 561 72 76 942 75
851 318 742 309 535 862 489
86 790 760 608 186 519 933
529 887 547 280 820 941 98
499 294 980 386 431 43 831
211 303 752 587 640 307 208
237 18 379 549 979 961 706
138 603 711 551 496 525 194
513 674 621 356 994 407 536
939 626 886 533 837 548 426
258 897 912 902 964 727 712
82 935 248 500 411 769 682
846 206 43 465 991 810 150
753 427 325 991 213 719 477
834 798 811 666 35 667 595
822 618 907 319 316 755 278
726 524 583 322 972 770 643
456 64 588 620 491 472 490
236 133 111 806 208 998 734
196 166 343 883 382 250 694
779 60 380 940 749 729 137
374 285 316 635 403 840 576
779 746 350 375 332 314 388
42 672 758 876 420 925 865
519 345 117 171 635 294 317
213 560 143 999 898 832 919
361 756 366 792 278 203 800
925 967 204 891 597 488 25
129 587 796 526 911 907 565
912 592 551 326 476 57 806
178 119 756 549 154 208 744
670 835 607 398 155 395 678
853 688 380 836 372 695 66
18 259 454 611 780 123 328
449 358 883 790 518 942 880
718 1000 908 529 440 271 634
925 921 979 339 70 894 797
941 799 60 618 948 735 748
910 517 53 468 978 749 490
364 733 190 53 690 973 367
747 292 3 970 37 469 415
15 742 646 273 88 258 21
481 393 190 353 401 331 113
262 858 464 544 812 339 869
865 576 407 339 885 454 686
355 449 408 102 858 527 950
554 236 934 253 31 665 212
180 927 938 785 731 79 214
507 770 610 228 301 40 859
504 282 449 116 757 578 385
979 107 845 527 427 21 519
542 741 343 822 772 136 479
970 446 98 178 443 937 992
694 705 110 321 698 966 970
357 583 916 719 534 567 338
874 535 228 610 44 860 774
462 229 622 400 521 287 202
263 35 669 268 506 93 936
211 590 880 420 749 351 19
462 118 249 817 501 496 10
704 53 302 276 973 289 617
987 863 379 331 836 674 560
916 993 730 224 540 5 412
643 487 741 698 558 526 254
753 409 39 742 965 296 403
616 979 173 97 273 206 488
749 533 461 161 170 6 459
789 425 396 364 443 389 602
172 160 453 954 905 880 138
875 800 448 650 863 124 889
404 412 100 850 719 254 964
861 714 647 445 799 250 389
564 500 448 504 769 490 55
25 257 720 941 821 503 717
787 46 155 71 500 914 109
510 261 105 237 227 465 457
57 126 502 945 746 998 348
608 445 433 595 63 677 677
980 117 92 94 931 534 974
350 200 102 471 313 784 726
262 221 246 588 404 353 917
995 533 768 583 959 812 947
248 858 153 547 308 328 162
331 67 551 597 179 349 394
109 305 486 680 108 781 145
474 337 425 657 213 932 664
944 648 622 775 229 128 488
543 894 733 31 369 449 811
921 340 558 623 763 641 670
727 722 845 972 15 458 565
431 28 562 471 542 697 66
150 528 554 108 332 869 641
490 998 755 613 474 459 716
96 720 528 236 148 947 831
433 471 126 369 404 445 448
777 134 140 408 321 225 848
826 262 431 217 479 397 292
906 89 94 306 534 928 347
497 877 843 191 469 211 803
681 374 837 994 850 925 203
305 353 932 537 55 662 955
957 102 774 878 273 279 627
864 665 680 418 341 911 65
859 652 174 7 403 219 604
756 772 754 552 855 879 140
258 605 334 786 5 287 463
327 890 646 866 813 580 352
372 201 412 252 849 174 265
311 10 150 424 868 577 992
110 132 751 30 461 413 535
934 96 311 982 614 281 416
332 938 134 293 641 320 673
464 513 143 241 888 397 207
394 329 122 942 820 324 531
679 620 791 173 6 579 642
91 360 742 944 19 680 909
314 546 859 453 678 319 887
685 742 765 60 410 530 652
810 208 370 938 371 692 833
227 871 467 907 223 876 450
783 531 386 555 587 698 76
864 694 117 471 171 917 531
340 598 26 889 190 782 141
169 685 177 567 245 216 287
205 952 709 773 48 589 773
428 818 746 971 225 103 769
759 968 311 220 633 199 838
324 631 574 111 426 749 778
423 363 439 89 444 285 429
710 750 464 180 462 587 645
702 445 804 261 778 768 317
409 879 640 921 101 382 475
188 532 10 964 171 376 762
12 721 173 806 165 979 423
413 817 621 668 581 53 477
232 695 317 315 995 47 687
987 660 368 270 518 397 325
474 343 650 170 209 771 549
38 363 294 388 586 485 9
554 53 418 919 319 355 638
480 657 187 647 980 16 387
17 640 106 680 54 733 153
498 758 115 168 902 55 877
894 441 893 936 646 669 778
278 439 487 658 49 29 840
596 275 593 732 128 841 229
174 576 391 988 954 690 797
65 305 43 985 984 245 889
293 227 851 876 159 170 353
213 372 759 475 259 587 758
385 598 597 765 651 329 103
611 163 402 331 754 855 572
107 867 396 863 101 904 858
51 873 929 111 879 725 789
380 730 428 993 963 274 781
758 380 31 200 397 778 20
71 16 54 429 283 160 815
911 688 120 562 830 584 645
560 641 507 735 546 155 60
190 749 190 963 701 523 818
961 641 175 15 734 665 476
577 139 845 427 893 596 99
703 83 741 986 553 174 349
851 95 719 57 285 739 971
628 949 524 84 121 86 996
60 729 326 202 17 589 852
634 674 478 376 849 424 569
500 302 912 59 363 634 328
757 422 976 319 225 747 713
265 715 499 24 108 322 888
496 857 570 778 601 640 317
962 364 394 80 891 677 590
543 754 823 223 86 92 311
280 724 54 827 817 860 355
59 537 448 102 38 939 748
703 212 735 8 869 960 460
287 43 440 182 270 942 915
988 829 510 535 976 400 151
220 885 164 943 122 74 376
39 597 847 123 332 475 600
620 345 254 146 805 613 20
40 30 876 6 758 732 702
552 388 23 713 434 502 556
406 925 750 137 227 515 249
773 764 603 224 403 189 515
517 463 815 650 81 97 942
101 721 504 718 600 550 95
463 891 111 614 15 252 806
424 225 68 855 55 486 985
544 691 141 876 148 97 786
381 124 566 443 482 566 223
776 64 20 314 931 858 747
383 397 21 460 108 937 539
284 469 24 130 497 620 852
426 10 277 481 695 804 908
548 791 753 486 54 278 390
586 277 876 483 987 45 321
20 180 684 265 296 750 486
436 788 310 793 906 272 494
987 872 870 459 392 993 65
817 559 801 223 403 74 145
473 728 140 377 274 894 10
933 884 541 551 741 311 346
627 14 649 210 813 983 912
14 323 608 270 792 889 429
662 382 237 592 356 456 883
532 959 132 501 629 399 656
82 118 282 622 184 946 75
485 360 487 731 380 596 441
664 101 872 917 700 582 931
772 480 992 434 164 255 314
890 477 538 696 396 670 155
636 807 364 45 328 840 567
80 42 819 375 639 597 776
469 229 467 53 565 42 902
595 588 890 632 610 579 608
374 851 979 334 360 551 906
377 366 152 779 238 490 546
277 945 232 605 728 331 756
406 549 900 769 596 392 474
483 201 24 646 997 754 337
140 811 561 982 862 889 773
870 248 117 207 995 240 519
911 76 41 617 85 892 833
785 197 881 39 586 962 270
324 407 242 599 690 537 326
28 365 457 430 43 357 860
348 366 96 486 310 529 10
524 69 927 317 298 584 436
591 242 813 870 835 195 208
536 142 817 752 268 987 733
386 291 987 290 575 299 821
642 70 287 786 190 709 647
91 4 861 872 473 921 486
644 906 400 141 133 215 399
759 26 166 968 698 93 491
417 331 213 154 214 386 963
605 471 591 567 346 259 875
909 577 297 14 558 450 940
721 938 161 213 900 217 79
45 853 189 783 377 379 714
384 610 547 65 689 675 919
225 799 749 373 190 165 377
331 423 902 570 164 832 870
880 337 457 447 297 956 453
188 617 649 750 682 463 594
711 muscle_training 609 778
258 levelup 7 451 799 697 453 51
353 pray 720
244 muscle_training 728 574
404 muscle_training 955 47
389 running 708 990
836 levelup 509 777 690 281 701 1
620 levelup 193 595 739 412 92 11
963 muscle_training 168 461
865 muscle_training 582 244
308 pray 486
294 study 231
787 muscle_training 982 604
526 running 222 732
278 study 580
261 pray 103
566 muscle_training 137 768
918 study 491
590 study 572
347 muscle_training 711 327
874 levelup 221 755 385 710 783 7
903 pray 336
787 running 742 764
968 pray 1
3 running 613 882
725 levelup 824 320 780 383 419 1
934 muscle_training 57 754
114 levelup 368 579 922 482 111 43
678 study 472
902 muscle_training 193 269
249 pray 971
518 study 11
876 pray 395
113 study 832
988 study 961
923 pray 959
64 running 325 875
34 muscle_training 318 655
390 muscle_training 497 524
482 pray 568
450 study 280
811 pray 380
650 levelup 882 176 446 861 500 51
210 running 812 427
233 muscle_training 670 944
35 running 306 171
662 running 230 880
466 pray 81
477 study 55
120 study 305
361 running 395 993
234 muscle_training 732 474
637 pray 795
658 levelup 389 487 729 822 852 83
107 pray 794
632 muscle_training 991 306
342 muscle_training 727 525
939 pray 539
715 running 565 497
708 study 287
846 muscle_training 973 433
822 levelup 895 211 21 181 584 11
680 study 437
858 running 45 819
261 pray 907
269 study 549
274 levelup 852 994 673 804 520 58
945 running 659 983
894 levelup 642 538 170 909 132 54
684 levelup 294 290 666 830 404 30
736 running 970 587
159 pray 938
706 study 821
520 study 414
610 levelup 865 484 201 617 878 45
407 study 838
672 pray 124
204 study 271
61 pray 39
562 muscle_training 624 705
577 study 333
477 pray 824
505 study 531
574 study 157
139 study 138
757 muscle_training 374 243
639 study 58
371 levelup 144 598 15 38 962 37
5 muscle_training 963 46
920 levelup 889 226 646 471 829 39
170 levelup 773 212 216 859 205 57
309 muscle_training 264 108
576 study 31
414 levelup 447 618 196 506 249 61
99 muscle_training 187 915
807 study 929
697 levelup 174 407 182 76 421 83
937 study 566
389 pray 793
275 study 299
552 pray 164
141 running 265 398
41 running 330 659
610 study 444
630 muscle_training 33 598
702 pray 156
556 running 892 481
88 muscle_training 687 55
647 study 819
473 pray 991
767 levelup 437 814 727 163 246 5
187 pray 661
77 muscle_training 853 898
65 levelup 97 998 376 554 406 56
552 study 742
506 study 792
825 levelup 696 434 134 219 819 62
541 muscle_training 352 668
173 study 695
189 pray 237
532 muscle_training 145 37
406 study 277
34 running 589 410
399 levelup 804 336 143 326 707 34
103 levelup 656 590 85 371 765 65
874 running 72 191
532 study 892
342 pray 311
751 muscle_training 530 816
840 running 604 283
160 running 231 921
813 study 647
178 muscle_training 467 39
491 running 631 476
752 pray 411
798 muscle_training 279 243
253 pray 784
578 muscle_training 422 915
763 study 667
220 running 203 942
999 study 456
445 study 722
987 running 407 53
329 muscle_training 887 300
311 study 114
498 levelup 119 526 501 759 990 51
554 muscle_training 929 79
1000 muscle_training 294 305
930 study 894
266 pray 493
431 levelup 912 940 163 577 19 14
952 muscle_training 527 731
324 running 639 509
455 levelup 295 22 477 467 886 75
677 levelup 632 888 340 725 308 2
980 pray 66
969 pray 917
371 levelup 701 568 733 637 452 49
182 running 897 463
114 running 920 483
892 study 937
922 study 776
833 pray 153
951 pray 604
128 muscle_training 113 158
243 levelup 218 48 722 650 202 21
971 running 515 326
678 muscle_training 977 272
806 running 551 450
990 pray 997
220 running 329 646
676 pray 956
910 levelup 859 396 832 638 182 1
567 muscle_training 268 597
655 levelup 468 956 578 508 850 12
411 pray 322
46 levelup 877 629 99 740 508 97
94 study 106
254 pray 418
405 muscle_training 583 236
812 study 570
115 running 500 459
817 pray 699
227 pray 496
224 running 39 907
352 running 20 76
678 muscle_training 287 620
387 study 351
561 pray 664
478 running 52 216
903 running 765 82
596 muscle_training 412 492
543 pray 40
122 pray 628
564 levelup 386 652 880 344 510 46
964 muscle_training 724 308
987 study 425
183 running 668 185
777 levelup 429 546 105 143 640 96
585 muscle_training 329 834
237 running 495 988
442 pray 349
84 muscle_training 404 891
317 running 188 439
838 running 325 809
780 levelup 727 595 815 717 124 67
542 levelup 213 170 762 144 361 69
24 muscle_training 214 295
413 running 17 189
86 muscle_training 483 885
1000 levelup 14 258 342 57 539 62
905 pray 891
424 levelup 82 538 938 909 65 100
425 levelup 676 225 925 506 452 59
824 study 779
300 study 44
942 muscle_training 818 776
892 pray 301
170 levelup 287 100 153 591 737 29
535 pray 413
669 levelup 779 114 486 844 897 9
521 levelup 894 841 308 190 545 51
6 muscle_training 472 75
415 levelup 693 722 259 686 200 43
1 study 290
428 levelup 514 597 2 829 576 87
798 running 586 906
900 pray 437
901 levelup 739 13 637 523 488 85
435 levelup 474 549 797 458 224 16
172 running 220 990
148 study 662
494 running 789 747
930 study 701
906 running 941 14
54 running 956 633
72 study 258
480 pray 439
438 pray 847
143 study 901
305 pray 122
695 levelup 293 664 961 711 155 88
238 levelup 128 13 250 348 543 27
726 muscle_training 992 137
853 running 435 959
811 pray 124
157 levelup 271 243 129 92 549 17
12 pray 91
127 running 850 510
885 pray 646
685 pray 7
289 levelup 244 909 41 450 843 65
455 pray 706
258 running 7 792
257 pray 673
944 levelup 136 864 20 936 562 89
653 pray 761
896 pray 38
876 running 842 397
528 study 102
789 running 266 91
405 study 674
400 pray 680
751 pray 746
993 muscle_training 92 637
295 study 705
814 running 576 615
480 running 343 438
425 muscle_training 137 767
686 pray 360
322 study 221
607 pray 993
118 study 437
181 muscle_training 149 816
475 study 498
874 study 760
39 study 125
987 study 254
694 pray 172
110 running 259 796
193 running 670 642
915 muscle_training 431 213
788 pray 434
501 running 143 793
373 levelup 842 127 545 271 170 3
679 running 755 388
88 study 681
526 muscle_training 406 472
91 study 566
945 muscle_training 787 842
962 muscle_training 106 264
664 running 564 961
190 levelup 272 48 248 553 240 35
332 muscle_training 422 861
56 levelup 308 141 376 473 569 6
84 study 260
886 pray 472
290 muscle_training 919 157
797 study 902
32 study 771
252 muscle_training 871 735
213 levelup 369 520 345 53 583 80
833 study 638
938 running 802 460
334 study 787
923 running 839 618
761 levelup 398 520 559 246 810 100
887 running 219 255
570 pray 460
729 pray 24
980 levelup 370 614 872 778 584 65
9 pray 135
457 pray 24
350 study 574
407 levelup 592 538 705 754 205 95
528 pray 992
892 levelup 620 614 52 139 282 77
524 study 205
520 running 432 955
165 muscle_training 946 584
151 muscle_training 242 503
826 levelup 487 867 231 398 989 76
625 study 361
860 running 463 788
709 levelup 304 563 233 209 120 27
393 running 838 383
539 muscle_training 345 760
856 muscle_training 784 719
557 muscle_training 648 760
118 pray 280
444 running 688 905
176 running 168 926
163 running 372 182
20 pray 998
628 pray 145
418 levelup 105 637 740 499 879 12
768 muscle_training 714 718
75 study 196
280 muscle_training 501 830
636 study 65
575 muscle_training 629 994
215 levelup 883 268 694 863 872 23
924 running 583 772
55 running 575 6
702 running 160 418
313 muscle_training 582 172
298 levelup 523 145 131 873 447 4
881 running 892 116
60 pray 365
823 pray 872
843 running 632 543
439 pray 196
378 running 392 367
486 levelup 700 4 99 684 408 92
942 running 185 876
798 levelup 422 348 986 200 11 72
444 running 846 792
995 study 514
191 running 587 25
585 levelup 926 40 464 624 579 67
308 muscle_training 188 688
401 pray 162
323 study 735
425 running 521 44
935 study 275
627 pray 349
785 muscle_training 310 219
955 levelup 948 633 111 560 70 72
957 pray 792
871 pray 595
798 muscle_training 987 305
189 levelup 238 237 684 220 970 84
357 muscle_training 695 765
711 muscle_training 932 241
693 running 113 258
436 pray 959
725 study 455
208 levelup 947 35 628 242 671 54
492 muscle_training 145 340
465 pray 213
396 pray 867
130 study 190
781 levelup 900 421 285 513 449 29
33 pray 745
368 pray 581
784 running 109 425
31 running 427 682
846 pray 115
924 running 626 881
693 levelup 795 343 549 175 958 11
115 levelup 695 659 560 750 652 57
277 pray 519
608 muscle_training 153 177
285 muscle_training 974 40
714 study 81
574 study 939
572 pray 807
600 muscle_training 429 148
906 running 30 347
206 running 743 5
165 running 68 992
390 study 185
158 running 460 219
506 pray 819
650 running 420 116
42 running 992 671
611 study 280
663 levelup 27 486 314 268 968 1
1000 pray 228
519 muscle_training 592 281
140 study 366
899 levelup 369 633 873 878 609 67
201 muscle_training 465 729
148 study 203
674 muscle_training 391 768
178 muscle_training 772 952
8 study 382
832 study 418
297 muscle_training 628 224
437 muscle_training 390 457
418 study 242
481 study 901
564 muscle_training 527 526
354 pray 241
744 pray 218
944 muscle_training 887 664
41 running 689 25
360 muscle_training 556 482
909 levelup 319 174 215 923 835 21
798 levelup 410 558 722 766 766 72
316 muscle_training 33 969
395 levelup 489 655 409 255 588 45
870 study 33
620 muscle_training 813 924
961 muscle_training 311 666
571 levelup 161 949 94 463 503 50
122 muscle_training 902 940
900 running 220 96
639 pray 674
326 muscle_training 345 321
529 running 914 654
251 muscle_training 815 473
3 levelup 894 597 122 584 499 65
943 study 571
549 levelup 284 483 28 149 469 35
370 muscle_training 829 591
508 muscle_training 499 51
650 muscle_training 88 259
9 study 765
983 levelup 937 227 615 895 547 40
942 study 874
960 pray 708
238 pray 389
244 study 614
260 running 569 672
209 running 801 539
557 muscle_training 156 988
424 study 830
170 running 386 508
768 study 837
622 levelup 283 663 923 894 883 2
932 pray 452
979 levelup 560 714 869 682 571 91
567 levelup 555 442 36 741 823 76
868 running 518 294
750 pray 90
617 muscle_training 294 231
941 pray 120
630 running 665 234
25 running 168 219
256 pray 32
935 running 535 373
628 study 96
127 pray 350
735 study 436
752 levelup 114 489 127 71 351 87
262 running 108 870
249 pray 792
325 muscle_training 79 346
298 running 655 185
700 study 14
898 pray 64
121 muscle_training 649 64
45 pray 120
201 muscle_training 956 302
222 study 705
360 muscle_training 941 315
659 muscle_training 281 139
408 levelup 404 872 731 54 283 81
892 levelup 829 351 952 806 21 46
862 study 259
45 muscle_training 289 230
549 pray 331
334 muscle_training 449 667
422 pray 272
329 pray 280
900 pray 495
758 pray 267
458 pray 787
328 levelup 598 236 526 871 518 35
163 levelup 791 673 544 302 957 77
94 levelup 901 903 864 130 461 26
942 running 917 343
821 muscle_training 610 592
69 pray 278
504 pray 994
200 study 232
882 muscle_training 870 610
873 study 742
70 running 878 87
937 running 577 868
452 study 18
19 running 367 89
323 study 493
354 levelup 246 816 772 325 731 49
233 running 208 766
705 running 106 432
955 running 82 357
124 pray 226
970 levelup 157 249 86 433 515 21
613 study 316
275 muscle_training 757 757
802 muscle_training 573 921
55 levelup 110 689 242 170 954 82
506 levelup 484 648 92 287 477 44
786 levelup 805 716 932 324 954 59
371 pray 249
678 levelup 507 862 115 74 958 5
792 study 591
563 pray 417
683 running 828 229
232 running 582 571
517 muscle_training 90 400
767 running 492 417
903 study 617
350 running 159 391
930 running 109 369
657 muscle_training 658 37
404 study 205
528 pray 23
863 muscle_training 414 596
379 study 953
497 study 321
649 levelup 187 392 341 343 714 70
107 levelup 821 542 337 174 364 53
990 levelup 189 766 732 404 236 31
865 running 443 47
240 muscle_training 269 521
848 pray 950
167 muscle_training 993 626
585 pray 112
673 running 132 151
316 levelup 629 451 947 630 745 98
624 running 947 181
109 pray 241
836 levelup 326 577 126 228 115 93
677 levelup 94 718 198 538 40 66
922 levelup 278 642 476 566 785 76
715 study 553
749 study 216
687 levelup 465 14 118 544 272 18
816 levelup 457 943 888 40 76 18
25 levelup 769 394 968 614 639 80
556 muscle_training 598 679
598 running 752 503
690 study 265
191 levelup 470 697 472 75 194 39
367 muscle_training 528 238
764 running 935 170
441 running 604 972
993 pray 259
18 pray 152
866 running 722 244
306 study 597
70 study 528
860 pray 140
584 pray 567
484 pray 748
191 muscle_training 25 567
252 running 984 351
169 levelup 654 777 64 264 415 86
311 study 22
905 levelup 511 663 748 949 219 60
894 running 147 994
755 pray 904
835 study 979
797 levelup 308 602 345 420 993 82
90 running 908 306
8 running 277 411
874 muscle_training 305 569
424 running 236 238
258 pray 606
532 muscle_training 637 524
375 running 134 443
52 muscle_training 456 315
659 levelup 629 89 75 690 287 47
476 study 987
485 study 557
157 muscle_training 4 214
640 levelup 725 389 119 166 354 72
231 running 631 798
871 running 719 412
54 levelup 849 233 741 51 386 5
756 muscle_training 174 987
558 running 531 960
721 pray 747
195 pray 833
866 muscle_training 716 135
707 levelup 169 250 605 694 3 65
470 pray 680
258 running 242 292
784 muscle_training 558 759
987 pray 781
479 muscle_training 283 65
597 muscle_training 875 953
115 pray 37
155 pray 663
544 running 708 358
944 running 366 570
117 running 147 8
756 levelup 735 992 491 604 26 36
105 pray 61
568 pray 837
88 levelup 65 678 398 156 485 90
193 study 442
792 levelup 99 369 56 740 75 50
778 muscle_training 613 182
615 muscle_training 232 194
503 study 526
615 running 579 419
229 levelup 127 138 67 144 452 47
262 levelup 201 422 236 855 838 78
686 running 585 245
815 study 915
266 study 806
994 pray 20
846 study 792
983 levelup 449 272 255 944 991 14
281 study 752
945 levelup 748 508 728 463 784 20
562 pray 261
342 muscle_training 796 303
558 pray 396
148 running 619 662
459 pray 537
437 running 77 411
321 levelup 238 811 378 345 644 41
214 pray 444
767 levelup 318 74 127 411 862 26
691 running 607 777
168 running 880 964
337 running 987 748
887 running 193 749
892 levelup 547 49 98 337 970 10
250 running 94 984
724 pray 461
81 study 944
22 pray 511
925 running 354 751
396 muscle_training 731 229
893 pray 237
60 study 445
281 muscle_training 37 51
995 levelup 839 149 820 374 705 73
680 levelup 594 273 864 650 705 83
250 pray 390
417 running 364 99
25 running 856 505
860 muscle_training 502 998
271 running 329 83
464 levelup 520 217 817 163 77 72
875 pray 813
457 levelup 520 714 489 746 965 12
924 running 829 124
830 study 468
674 levelup 456 457 449 254 720 5
479 running 912 497
423 levelup 229 986 14 465 948 40
439 muscle_training 624 450
723 pray 307
14 pray 553
46 running 676 489
76 running 870 587
665 levelup 506 277 334 989 213 46
430 running 894 391
692 study 190
692 levelup 880 592 31 127 295 28
154 study 835
37 pray 659
302 pray 443
103 pray 514
562 muscle_training 534 793
928 pray 691
106 running 425 675
839 levelup 957 981 731 421 62 47
397 running 910 690
689 running 293 330
783 muscle_training 392 247
837 running 965 778
46 running 633 662
369 muscle_training 297 691
5 levelup 217 651 358 381 150 12
441 study 487
116 muscle_training 88 265
999 pray 519
255 muscle_training 873 992
66 running 285 885
654 levelup 841 144 542 673 682 80
16 running 772 108
30 muscle_training 553 32
680 running 789 291
763 pray 666
673 levelup 651 888 307 580 921 60
269 muscle_training 520 5
104 running 732 274
213 running 673 85
229 study 976
93 study 8
78 levelup 682 455 380 674 56 9
532 levelup 283 985 221 679 607 35
503 pray 619
398 running 657 65
516 study 481
958 pray 970
326 pray 613
781 running 226 851
93 levelup 4 97 498 23 646 40
976 muscle_training 600 632
879 muscle_training 948 131
981 running 30 140
446 muscle_training 846 771
243 pray 390
240 running 265 665
548 pray 141
332 levelup 135 366 290 618 131 40
659 pray 198
333 study 844
423 pray 569
139 running 501 65
980 levelup 223 2 70 52 472 47
903 study 243
408 muscle_training 484 26
397 pray 985
904 study 723
865 muscle_training 559 67
604 levelup 360 985 80 293 92 96
813 pray 201
839 muscle_training 563 155
647 levelup 816 626 813 931 791 87
415 study 574
27 pray 680
964 running 529 680
989 running 673 596
216 muscle_training 105 362
732 study 868
582 running 510 951
737 study 815
396 study 172
375 levelup 56 586 884 599 148 3
700 pray 462
29 pray 115
363 levelup 56 428 766 42 866 79
295 levelup 899 708 729 845 154 7
369 pray 885
904 levelup 832 298 131 884 891 100
103 levelup 891 102 705 798 436 10
682 levelup 350 739 766 561 130 76
152 pray 545
370 levelup 132 583 787 857 274 90
789 levelup 976 583 381 714 471 27
712 running 805 700
422 running 686 505
54 running 468 527
464 study 628
336 running 988 17
83 muscle_training 552 904
630 running 181 257
150 running 703 284
38 muscle_training 486 599
40 levelup 518 287 699 404 497 15
702 study 934
860 muscle_training 916 185
742 study 194
297 muscle_training 606 257
414 study 88
459 pray 610
400 muscle_training 760 345
261 pray 198
979 levelup 792 433 850 249 365 97
753 study 927
454 study 713
400 levelup 270 865 584 510 682 17
239 levelup 48 40 805 622 212 94
434 study 318
240 running 783 962
463 muscle_training 318 127
825 study 598
851 study 494
609 pray 45
250 muscle_training 766 199
663 running 568 672
187 pray 840
395 running 833 552
175 study 710
253 levelup 914 857 189 58 902 66
947 muscle_training 318 377
181 pray 885
894 study 810
293 muscle_training 962 922
568 running 645 246
484 pray 477
103 pray 733
233 study 236
28 pray 247
104 levelup 458 841 128 449 140 56
920 study 293
639 pray 954
743 muscle_training 852 19
64 study 730
824 study 494
333 study 751
780 muscle_training 92 739
902 running 270 387
810 pray 559
324 study 365
730 muscle_training 772 923
37 muscle_training 967 667
683 levelup 927 42 903 973 127 20
156 levelup 269 305 215 978 386 83
561 levelup 528 379 112 788 793 81
388 levelup 373 830 156 748 81 77
984 study 701
54 study 844
76 levelup 594 709 971 953 553 9
219 study 471
990 pray 542
891 levelup 704 288 372 112 66 64
860 study 472
16 pray 71
276 running 480 742
698 study 811
160 running 977 619
109 levelup 978 449 154 614 383 56
193 running 282 365
907 pray 57
390 muscle_training 142 892
276 pray 10
690 pray 144
848 pray 140
442 running 235 205
469 muscle_training 783 611
944 muscle_training 483 56
747 pray 213
837 pray 749
256 study 400
384 pray 356
631 muscle_training 932 110
921 levelup 636 309 954 402 489 30
830 levelup 395 338 662 77 508 91
406 pray 652
591 pray 585
348 pray 569
346 pray 621
337 study 894
868 levelup 314 22 968 100 806 56
368 levelup 729 526 527 796 167 90
636 muscle_training 492 714
621 muscle_training 723 790
508 running 628 513
398 muscle_training 951 330
166 study 66
871 running 185 843
2 study 962
471 running 776 374
969 running 752 503
35 levelup 286 269 579 197 985 76
11 levelup 587 704 709 69 307 65
189 pray 123
161 levelup 373 205 360 302 366 62
184 levelup 209 880 324 214 953 63
912 muscle_training 170 128
134 muscle_training 472 744
561 muscle_training 730 709
805 study 507
153 study 683
4 running 537 837
580 running 230 936
216 levelup 532 217 704 71 256 29
822 levelup 308 541 214 198 545 3
261 levelup 345 973 798 861 354 37
674 pray 728
125 levelup 610 976 227 694 748 27
464 pray 992
601 muscle_training 878 342
853 running 256 350
507 running 815 700
896 levelup 889 959 787 21 712 77
575 study 845
613 levelup 432 511 834 153 444 27
989 levelup 325 441 566 71 253 22
532 levelup 174 216 79 689 599 57
521 pray 527
527 muscle_training 755 403
720 pray 432
156 muscle_training 567 672
205 pray 120
623 running 56 278
943 levelup 374 153 520 104 582 30
634 study 594
663 study 146
77 study 863
97 levelup 943 878 154 374 590 55
504 muscle_training 484 420
734 levelup 936 576 572 794 269 83
439 pray 349
300 running 302 757
469 muscle_training 200 982
477 muscle_training 8 178
209 study 164
843 pray 268
954 running 694 171
248 muscle_training 256 486
171 running 562 679
791 muscle_training 816 990
431 levelup 928 333 607 2 314 100
166 levelup 164 726 9 679 749 72
274 levelup 461 996 564 875 929 77
159 muscle_training 107 134
50 muscle_training 353 872
749 pray 427
550 running 439 778
572 pray 196
875 levelup 739 455 306 298 395 90
260 running 165 658
729 study 377
294 study 34
868 study 747
255 pray 555
191 pray 846
530 muscle_training 718 335
391 levelup 55 11 938 558 779 16
146 study 66
305 running 531 776
516 levelup 543 460 924 196 52 13
303 pray 711
788 running 875 671
482 levelup 659 38 418 669 371 75
496 running 878 580
890 pray 796
257 running 223 159
924 pray 547
225 study 291
317 levelup 668 547 124 844 700 87
47 pray 264
508 running 586 682
944 muscle_training 82 551
735 running 520 246
883 muscle_training 519 892
797 running 332 204
501 running 719 711
718 running 46 96
483 levelup 801 955 683 939 410 72
565 levelup 240 382 327 549 739 16
403 pray 990
253 running 183 995
706 pray 387
917 muscle_training 103 802
585 pray 550
513 levelup 903 716 473 443 815 40
816 levelup 660 617 354 966 615 30
363 levelup 441 299 978 916 191 52
196 pray 132
692 levelup 897 491 650 449 133 66
250 study 384
871 pray 412
927 study 822
750 pray 167
323 study 436
535 running 768 377
205 running 109 362
836 study 740
768 levelup 193 452 665 726 489 86
697 pray 228
570 muscle_training 912 16
507 muscle_training 38 325
253 study 266
811 levelup 320 44 384 338 40 77
217 running 519 982
851 pray 244
307 study 394
229 running 445 181
27 study 876
455 pray 379
536 study 428
878 running 940 717
140 study 478
910 pray 702
443 study 143
240 muscle_training 608 417
114 study 587