178 92 451 45 499 1160 245
409 897 35 135 681 1489 382
569 1493 1250 238 2283 865 925
486 872 287 327 1329 289 755
164 2179 1628 1313 562 597 145
11 582 305 501 412 200 324
185 920 353 347 445 889 381
637 465 715 110 563 1054 9
791 178 85 771 521 1175 636
279 912 706 760 750 409 15
24 1492 1421 1409 148 972 637
670 197 565 746 739 4 461
290 600 410 922 841 161 778
243 831 896 759 147 687 1069
680 82 851 505 513 687 852
339 907 995 80 544 625 288
598 245 129 326 483 148 387
149 11 704 653 965 402 575
887 746 747 529 898 273 307
34 641 237 174 311 374 1984
144 43 899 789 133 674 619
688 336 773 951 938 802 1360
601 220 505 150 811 356 224
347 257 493 322 883 699 105
697 1695 1067 1675 1520 1480 588
464 348 631 353 616 587 669
257 146 258 643 501 1160 1655
95 778 276 582 212 754 424
809 568 668 601 174 266 1100
404 1094 997 274 308 782 549
562 296 241 429 1437 489 886
960 739 829 853 640 876 298
430 406 79 372 858 444 1073
212 739 811 972 707 819 36
153 906 988 1224 527 1137 346
31 61 41 348 171 430 347
921 1835 1473 284 123 224 1574
865 1259 1192 583 623 42 861
582 210 999 749 509 964 281
907 531 465 1642 739 710 426
286 118 424 682 954 40 876
4 339 20 439 991 349 673
539 808 498 524 255 671 884
922 870 873 319 393 795 657
448 826 844 518 86 414 449
451 1232 790 352 2794 1430 184
512 584 90 341 562 973 1125
979 399 701 279 80 857 471
323 16 296 840 247 253 344
221 891 1727 184 298 255 185
850 156 553 224 585 20 61
580 1236 903 782 584 982 75
803 831 64 484 439 159 749
894 1040 774 991 1249 1764 882
898 375 1262 1212 987 993 261
990 1048 206 1071 487 1277 479
7 685 643 454 826 959 617
964 415 162 470 77 966 91
617 15 373 47 428 383 179
102 946 301 964 269 1020 832
695 834 9 262 157 932 498
581 942 249 622 81 744 608
212 362 912 515 196 359 664
484 817 601 92 1624 1049 465
884 1043 1668 1313 593 670 397
291 558 126 72 1671 869 918
291 889 236 811 524 131 305
751 673 325 966 863 564 454
381 106 451 364 421 190 576
941 617 810 78 903 1406 96
210 28 369 555 26 536 411
306 117 953 691 964 1087 517
397 430 439 876 397 396 864
197 575 24 683 255 949 736
561 669 406 895 813 1133 751
334 841 1298 1503 1603 896 818
25 996 1216 789 277 1767 778
139 1673 1431 894 1592 388 432
247 219 564 179 323 459 334
753 493 241 985 731 644 831
922 626 144 157 787 1679 296
775 581 423 537 676 659 170
514 1401 1186 89 752 527 315
566 847 1338 925 58 669 457
782 783 147 228 786 930 412
173 1457 1451 695 133 297 570
860 646 745 715 669 436 749
863 963 738 421 859 1944 829
791 997 46 943 27 570 778
363 722 408 196 1282 708 818
41 595 150 989 94 1538 344
922 787 675 862 87 342 60
651 866 575 865 595 1353 258
240 1412 1662 1683 431 1517 264
972 331 326 565 751 249 317
192 159 524 61 872 797 226
577 1813 1666 1074 1197 1405 448
462 782 307 425 1000 411 434
85 680 1053 151 187 567 119
632 707 50 200 468 249 574
851 72 660 345 766 415 848
946 190 35 1 970 624 716
520 2040 1384 1346 1867 1623 1785
317 1219 1404 457 1626 315 719
871 333 446 904 89 270 620
201 712 725 334 949 656 394
229 1364 559 759 607 1001 868
12 417 368 790 513 818 311
803 1373 614 584 851 1118 321
137 993 114 223 1570 751 783
314 624 144 360 897 442 864
202 502 658 42 269 982 299
184 868 265 142 341 1087 249
702 1044 1544 1202 1929 824 424
490 932 1621 1237 2209 772 284
795 387 1262 955 175 650 59
823 751 496 967 645 994 718
159 382 344 127 354 476 783
338 173 214 607 578 633 99
991 63 866 788 931 575 216
135 1217 883 361 799 519 196
13 1495 1887 429 865 236 951
547 986 724 293 828 39 348
18 895 962 431 260 942 1019
74 1339 1203 846 1675 1563 856
453 666 769 236 520 53 169
815 466 214 366 673 784 1289
931 996 1101 6 595 577 969
588 924 794 897 183 204 457
829 570 821 372 995 663 508
887 412 240 40 410 515 743
417 10 679 247 798 603 901
528 581 56 210 316 612 621
409 542 1477 706 420 237 601
263 855 749 757 150 781 317
459 166 277 665 130 525 276
672 786 644 988 891 806 537
885 984 520 788 40 216 315
147 868 763 387 764 803 457
748 8 860 399 418 1125 718
238 715 711 931 1145 296 224
867 166 972 131 95 731 716
633 267 827 426 575 1049 198
173 543 422 151 480 38 204
441 554 744 638 851 96 972
267 982 763 171 217 1057 150
337 825 424 263 312 833 687
101 501 268 72 1454 1320 123
401 161 754 519 491 259 261
814 821 230 317 1217 840 996
264 820 957 876 945 962 103
209 805 620 487 289 308 645
728 431 985 496 541 1605 62
579 925 590 453 989 988 168
846 106 700 776 949 73 1004
171 1420 1961 362 1815 820 630
184 327 878 529 1011 824 984
696 794 382 775 509 31 447
978 1039 163 993 730 262 1547
13 410 443 687 1956 10 819
301 399 525 843 1013 660 984
422 214 614 399 920 125 842
801 1494 759 928 880 1474 102
376 655 219 921 293 804 710
345 1122 1342 411 1091 125 86
401 553 1515 561 1530 1100 454
703 1207 971 136 20 712 111
850 709 850 127 1872 851 797
321 956 1397 590 364 1168 551
725 1771 852 757 2386 1792 324
585 760 798 252 902 601 395
490 335 59 584 1517 58 855
300 566 124 457 127 1173 646
808 913 220 51 999 476 685
765 310 669 64 593 1232 426
953 73 726 138 1586 852 362
378 632 673 681 796 985 475
600 1354 1556 167 739 461 480
326 745 932 283 465 840 483
872 122 364 209 117 824 372
681 522 1105 183 412 420 1597
632 385 464 972 809 239 85
320 239 25 577 551 356 133
371 772 1351 1028 576 1210 268
718 716 550 858 314 167 136
59 91 179 562 322 56 425
975 807 390 844 628 266 1847
941 591 593 405 555 972 575
818 899 472 1597 673 1727 1412
146 695 732 285 1272 908 468
673 1030 1857 721 462 1119 1235
328 448 870 389 492 433 392
829 63 222 809 1190 1095 349
461 206 410 504 567 883 448
678 817 98 86 855 764 1614
449 493 456 951 702 713 221
313 627 453 161 723 183 38
414 390 170 916 459 832 461
660 44 451 174 57 19 59
489 664 446 538 662 299 491
650 1736 1760 654 231 933 922
643 217 572 739 852 630 709
639 478 77 572 51 390 710
111 56 542 228 800 454 549
908 501 51 87 723 548 285
421 611 372 462 311 712 980
980 555 850 840 504 968 985
122 1602 810 1382 1160 1643 66
560 315 215 479 643 345 880
345 660 298 263 1088 909 505
702 722 123 680 470 779 882
465 819 221 620 117 918 429
433 426 892 1052 1058 1077 897
392 649 117 980 445 882 1025
752 1501 766 1398 1539 1121 995
337 1463 741 1266 430 1096 931
353 704 621 60 1073 143 284
474 534 244 685 957 382 754
791 299 599 565 588 1146 752
747 288 846 418 2374 141 332
760 304 907 472 38 767 244
779 605 395 232 382 766 154
610 359 705 77 957 387 799
98 463 783 548 1090 771 407
738 597 543 312 488 1098 891
697 230 816 66 830 65 645
826 815 937 790 909 452 953
801 469 627 802 463 622 62
578 368 483 381 403 2124 913
759 835 114 91 96 854 421
548 494 108 466 930 582 774
390 860 131 349 1519 152 896
458 1659 1102 843 895 1190 641
929 1318 1283 435 882 830 868
507 960 773 750 119 505 655
64 218 175 965 811 158 764
72 570 968 845 1090 923 336
970 974 661 1078 1307 1074 629
297 1014 909 1413 1123 345 1047
432 1784 1782 843 2539 306 448
884 932 205 266 516 738 331
79 471 512 141 44 889 856
888 590 901 840 1487 340 751
849 1581 1411 275 103 703 722
482 494 676 725 367 975 58
40 919 143 784 329 788 925
85 270 79 135 15 913 591
461 524 849 430 231 260 805
386 852 987 250 80 687 2398
628 896 973 768 1849 549 1307
42 1158 878 135 67 703 641
211 1009 845 958 1238 781 359
562 1582 1004 555 1647 1837 1469
182 490 475 215 529 258 735
386 1175 1872 593 404 862 956
406 70 821 659 652 946 71
11 493 476 589 326 374 1616
999 355 495 1616 1904 841 1561
65 740 356 823 356 634 947
154 28 312 504 1405 451 318
698 1344 1958 1581 1116 1082 2183
217 967 1199 275 2426 1778 707
372 968 195 968 840 992 644
396 460 105 391 466 656 243
35 917 302 512 778 448 66
624 139 768 696 379 1488 623
899 947 336 476 571 658 54
985 61 507 850 673 953 990
174 570 199 989 41 1396 891
560 257 461 232 401 648 357
6 254 195 226 674 607 721
494 494 790 700 452 904 651
118 877 586 835 630 130 312
377 2140 2632 1296 2513 1937 577
338 1591 1266 472 127 585 600
29 236 387 183 817 632 302
827 262 697 71 222 909 655
572 960 239 225 147 910 796
25 78 238 511 888 873 467
440 1116 906 404 464 806 280
970 585 541 325 509 1154 672
510 922 315 345 61 120 69
787 409 516 326 950 579 372
127 390 577 133 813 929 414
587 1699 247 904 121 946 231
787 633 407 251 626 919 475
586 347 342 22 585 492 555
901 609 695 576 105 39 28
134 308 1795 65 1131 1508 444
123 1487 1040 239 883 595 690
257 515 289 148 870 502 679
641 632 571 30 500 598 5
807 1350 1529 121 965 533 939
483 632 404 386 955 919 445
968 1102 756 1455 1628 1397 556
559 1 859 192 85 535 183
436 1329 1042 403 570 853 384
943 1355 534 760 1986 660 798
418 999 45 65 858 136 324
942 78 612 846 1705 305 796
710 783 555 986 268 390 292
973 71 954 630 722 506 1324
494 161 887 103 920 142 927
774 925 444 930 895 917 895
964 276 278 513 1386 145 325
645 642 295 817 518 1440 971
353 616 356 948 992 420 625
945 1098 1393 453 751 813 1471
646 826 543 691 830 62 727
314 616 802 390 945 16 259
467 366 264 241 767 846 21
849 911 194 408 794 219 997
658 925 888 28 140 849 487
608 70 967 30 649 230 489
166 321 3 486 174 416 265
406 1414 1475 1622 644 1329 158
402 1286 1485 576 1855 1211 371
186 581 712 639 218 870 690
993 188 891 430 460 833 319
375 783 614 65 183 235 979
280 1203 1023 1280 1096 1540 715
925 9 734 137 506 358 53
939 114 503 682 403 1753 294
992 501 446 146 700 725 193
667 970 766 5 608 707 468
477 1072 1119 802 402 163 1195
636 466 180 636 967 225 993
103 838 1157 612 1781 608 170
193 1511 1138 952 568 265 390
223 610 179 720 503 107 501
785 26 509 320 434 136 24
346 895 1567 617 1583 620 455
534 161 348 583 264 1964 862
192 1086 1566 84 635 1016 391
279 194 954 239 80 986 628
254 427 400 299 366 913 199
44 219 602 762 901 1081 192
287 851 415 156 553 85 6
459 159 6 204 531 662 431
397 966 255 454 876 358 33
474 868 57 17 518 522 526
165 2468 1113 30 473 229 452
362 453 226 272 112 823 561
106 299 983 692 719 350 529
7 292 174 129 211 393 576
39 207 106 709 887 819 1515
920 1541 1213 437 424 225 270
831 481 545 503 341 862 678
953 93 110 128 32 398 821
677 528 456 343 451 1012 988
443 341 970 244 68 332 671
533 46 795 664 1070 891 646
606 812 553 794 709 610 724
863 687 1332 1234 661 814 636
180 347 922 380 859 124 677
196 236 430 596 203 643 340
545 1488 966 297 29 957 59
173 245 257 456 977 782 246
184 15 704 319 262 345 194
982 1639 1186 420 973 1000 96
3 239 407 68 1042 83 718
764 800 672 777 788 816 410
967 620 1504 2268 1059 1861 768
987 710 962 210 627 393 33
317 643 869 939 219 297 137
570 367 962 546 411 961 383
623 1008 511 140 752 287 199
110 1489 1283 993 1451 935 1500
777 862 1364 736 151 563 1517
549 1523 1712 1528 1330 515 123
558 996 1943 1553 1498 1813 955
190 797 973 464 578 135 633
142 1445 531 997 860 378 520
793 444 230 85 743 645 396
469 666 850 1549 1901 903 727
775 951 631 991 576 370 677
24 16 669 666 990 497 676
976 7 727 282 472 390 190
792 439 704 376 157 1337 364
472 153 300 883 517 224 14
470 822 634 49 645 962 41
630 829 561 687 564 452 795
924 907 716 741 145 396 650
739 550 270 876 69 599 673
837 398 393 465 18 789 758
100 442 572 741 790 182 343
997 766 294 130 491 774 951
941 1115 1308 952 1038 823 969
507 38 195 236 1874 519 1525
44 876 1967 126 908 675 509
17 484 857 1016 611 1474 367
314 633 94 448 385 329 117
175 480 565 823 816 660 522
329 53 836 86 699 418 156
1000 1361 1233 501 934 1261 176
835 760 527 452 520 1071 1033
986 561 235 4 1605 227 1278
723 1704 949 106 800 751 619
548 849 948 665 392 1633 893
947 1760 1472 1548 938 1375 954
505 927 188 608 128 405 1097
509 851 494 22 620 336 608
386 497 418 468 33 356 1311
655 1450 778 600 578 894 826
374 810 380 212 795 725 712
131 654 381 502 649 1251 690
940 1367 960 1427 1185 1223 811
222 1667 1405 1034 272 768 256
765 317 812 61 726 488 400
852 822 206 801 248 340 440
497 644 738 213 493 775 697
251 785 164 379 416 146 63
678 977 887 92 847 608 582
761 710 894 213 1050 605 721
750 1102 1173 509 1544 1184 628
139 364 972 757 304 412 674
561 810 297 593 325 479 602
809 985 1436 813 560 1606 547
985 757 195 408 731 795 799
358 861 738 602 620 681 927
694 155 243 368 699 773 630
583 981 207 415 596 684 349
601 270 1332 513 975 1670 779
420 1071 854 1489 1583 1507 561
518 1400 1316 1507 1466 981 408
630 59 435 376 216 886 727
746 383 937 507 674 62 74
917 932 848 476 1788 820 495
690 994 346 664 548 772 561
899 359 633 553 437 347 310
762 2425 1317 1737 1272 1024 654
622 795 270 37 955 681 936
454 616 62 437 495 162 335
147 676 681 363 370 605 261
839 590 1249 928 1401 619 957
701 513 159 401 831 942 1162
64 1290 1217 580 845 896 100
258 823 901 363 418 550 1290
245 1406 574 469 334 903 1354
513 324 9 803 510 782 525
118 246 229 529 1498 1479 302
376 925 159 590 1019 145 532
373 496 870 934 590 289 599
644 970 894 686 1822 291 863
872 965 365 922 176 851 626
226 1521 1216 370 349 597 182
961 419 313 404 933 501 449
8 811 812 196 747 263 448
65 290 59 200 672 362 767
318 49 633 678 184 1157 231
842 55 703 552 817 904 304
884 888 912 468 612 174 910
815 34 173 624 870 637 839
162 940 690 1 57 1172 317
938 727 540 762 1451 1237 1770
652 748 92 163 866 931 887
6 1438 1065 567 806 1132 968
343 826 585 895 803 453 1574
780 939 399 314 221 171 1923
265 1000 498 989 404 31 434
509 596 198 45 643 307 176
403 426 922 699 596 68 922
253 1310 533 509 262 573 413
533 538 375 1695 1029 707 1736
77 297 457 17 472 568 983
100 257 232 180 236 515 323
515 399 248 890 920 8 577
622 264 675 388 89 827 67
188 1337 2366 622 869 522 183
221 301 253 392 142 177 1417
719 665 638 336 843 629 896
596 517 438 565 839 464 121
248 548 648 844 338 658 1367
231 818 80 104 799 712 283
814 225 415 580 246 1401 867
111 947 267 609 930 1432 585
646 139 862 827 928 382 1582
202 833 666 458 349 318 285
127 827 129 780 505 650 289
446 537 736 94 566 565 473
574 889 238 378 26 1355 350
696 1630 988 1220 811 733 1097
236 1230 1032 753 1162 575 497
397 445 448 477 777 349 1368
618 64 476 531 199 598 120
154 711 312 527 1446 660 251
196 7 332 595 627 984 38
648 495 738 438 717 726 635
937 801 393 249 5 58 249
85 556 887 348 664 275 232
913 625 129 402 1127 16 943
442 301 1244 767 863 285 612
751 476 488 299 262 573 219
345 934 382 282 1633 568 627
364 684 531 366 485 298 395
107 650 541 918 1520 344 804
209 36 557 706 110 1173 487
23 530 843 583 784 1109 754
855 531 817 793 206 326 198
928 514 605 690 358 257 30
78 516 531 198 1812 270 625
63 613 121 415 205 779 123
333 317 778 778 223 535 1595
157 1477 860 461 594 742 1743
265 907 786 529 478 631 125
733 1111 835 1092 748 2167 1283
354 152 1107 183 1550 672 447
248 776 920 608 1812 764 151
578 366 335 906 742 493 845
739 770 398 103 912 572 509
641 645 925 654 957 418 518
739 567 146 52 184 734 4
876 1156 1297 1012 918 1501 791
716 73 216 1 457 534 877
982 486 904 109 799 711 264
935 1289 1175 1509 390 610 384
731 494 1368 529 529 833 362
962 889 269 631 920 234 118
571 1056 367 661 738 272 813
80 126 238 521 1486 872 847
416 942 1610 473 199 727 1432
782 917 415 879 213 787 387
99 528 938 492 601 54 947
236 399 538 417 883 509 460
226 401 200 450 275 952 949
645 1019 1212 657 1370 657 900
801 1490 1338 403 309 476 790
602 733 474 414 346 1096 1656
883 705 348 699 1328 76 265
600 978 876 351 305 821 376
914 864 79 686 124 693 947
453 1593 2413 723 1531 3090 587
590 609 613 697 245 47 213
344 731 368 461 7 855 19
156 450 843 218 594 783 636
281 776 964 309 120 754 612
439 674 693 129 929 141 837
392 51 916 255 626 125 552
436 934 970 359 237 298 793
652 999 735 955 636 892 143
249 1306 1021 947 436 166 596
938 848 767 943 163 1142 775
126 643 497 512 353 496 438
526 5 512 934 1231 95 983
357 731 610 886 376 331 572
933 538 567 512 447 493 803
361 133 294 795 279 957 90
865 26 905 356 118 20 151
90 301 1113 906 394 801 542
899 811 575 538 1194 338 933
438 636 239 523 133 665 946
256 362 486 68 278 1114 536
158 875 813 573 403 269 185
203 1239 849 334 680 43 153
214 770 735 395 481 916 608
350 1076 798 49 606 94 855
434 1245 2348 646 36 652 457
557 848 936 78 1108 633 1235
832 140 150 655 569 225 170
318 581 695 894 887 681 623
784 2254 1118 320 1384 1275 1626
956 1736 1934 674 951 103 949
500 937 48 789 789 984 967
557 1119 2028 915 409 1038 610
545 738 1159 335 707 874 23
223 1008 1604 9 986 618 671
230 905 1751 803 1496 1216 380
988 996 515 483 765 281 1152
648 160 167 139 862 398 75
78 1544 122 514 379 622 803
596 1133 1652 209 533 983 923
511 10 619 576 456 119 1467
735 838 841 519 831 975 503
399 704 870 201 290 1365 810
922 861 1809 587 400 1645 102
612 726 201 627 592 891 983
329 386 203 65 644 836 578
641 1173 1006 365 400 587 869
638 345 412 66 544 902 491
885 307 304 295 1779 554 748
702 84 183 470 442 37 120
865 249 858 144 1109 398 495
224 711 585 906 606 326 303
521 252 511 915 654 445 920
83 2143 1811 1150 646 714 1428
503 988 405 775 988 599 872
416 16 956 136 26 225 675
189 488 301 568 886 826 605
263 991 396 649 529 897 267
698 333 507 966 253 1440 910
857 263 821 549 541 99 1297
583 457 578 682 254 953 283
715 577 732 200 958 355 687
138 754 745 685 691 769 784
865 423 994 331 934 221 446
600 1303 513 255 36 86 913
148 1298 1728 927 106 768 557
279 906 874 546 1310 471 786
654 978 823 738 648 997 914
866 765 336 774 206 85 486
918 1860 851 421 563 460 291
202 201 716 608 119 707 599
268 707 529 161 91 501 321
339 854 1395 296 476 539 1029
931 893 986 176 860 683 944
622 59 451 967 427 37 556
757 228 449 44 511 279 1498
237 819 428 63 758 31 56
974 458 841 206 399 625 993
861 1189 526 464 1320 1734 275
164 922 512 918 198 334 279
493 983 862 996 6 603 525
173 991 681 1690 674 1068 230
348 807 829 912 326 213 251
66 533 574 309 1194 280 169
254 63 348 701 552 351 923
306 424 584 34 79 123 645
39 949 45 926 860 75 681
893 683 699 165 301 257 482
397 1230 1748 1658 1205 1050 13
688 963 905 832 196 953 871
470 497 898 1466 1598 924 691
243 766 601 258 558 721 520
530 634 829 977 795 490 899
161 396 388 413 501 411 754
473 388 935 201 618 80 90
261 222 442 690 359 728 1281
663 8 307 223 18 1029 923
458 64 74 395 206 601 104
708 672 680 300 1206 278 7
376 1814 837 905 5 278 14
585 1897 1161 700 241 913 383
550 272 177 612 64 820 178
839 236 488 890 355 624 701
573 69 286 448 801 997 75
550 758 943 510 208 1011 840
214 482 967 452 225 945 1763
321 359 345 728 257 925 821
89 381 531 897 371 937 1953
724 1213 1372 1067 270 1084 359
28 500 783 145 696 256 700
681 377 964 903 290 248 127
219 170 486 360 410 158 364
659 27 452 246 900 235 494
612 810 567 503 757 873 825
200 67 764 560 480 892 905
677 1249 1251 1773 1295 1993 508
460 847 475 208 285 442 482
898 437 729 491 1093 749 407
115 984 1272 743 1841 891 495
143 274 103 844 58 724 691
466 53 32 869 599 800 532
871 154 430 429 743 53 856
341 1304 611 984 713 1066 611
784 1289 1671 695 993 1362 335
236 756 965 107 517 399 904
594 839 432 274 998 500 336
637 1317 1461 1699 1210 1308 714
30 1063 892 186 1079 415 600
525 658 283 708 199 120 807
161 564 900 916 662 518 709
626 517 282 236 1249 717 79
461 43 684 533 1096 2068 677
351 24 991 563 1927 544 251
319 693 401 770 1367 783 526
573 141 304 260 367 887 145
353 354 979 584 715 70 258
409 407 23 136 766 876 993
593 854 208 1266 1056 1130 410
843 60 340 799 468 865 56
623 380 81 316 572 581 17
365 796 805 545 681 216 676
839 1618 1821 873 1439 1236 93
292 1474 1284 787 801 1266 1545
932 237 731 142 469 744 553
776 496 572 397 212 730 1838
509 897 1785 690 2174 1005 242
616 2302 2151 824 556 1698 489
572 866 970 212 679 992 714
405 1363 414 978 1889 2140 371
937 881 325 482 822 517 412
280 783 937 1312 711 1004 235
51 1799 246 912 2054 316 648
111 1268 464 1585 1016 673 449
66 721 16 636 47 694 311
444 698 190 638 1128 879 875
554 1032 249 557 1466 456 592
21 1000 118 135 601 872 373
855 125 185 800 455 583 756
118 971 681 591 647 582 860
41 605 983 946 1561 298 109
758 2770 2061 1169 669 841 178
694 979 368 566 1149 1280 776
197 74 77 438 903 178 557
975 577 1069 1602 1359 266 569
744 43 766 174 892 150 447
42 599 683 822 85 648 594
26 684 339 296 154 1259 909
654 927 157 205 863 833 282
252 840 55 143 145 119 1121
432 665 700 692 824 938 857
373 510 120 49 1233 1267 1027
41 17 919 216 143 509 549
337 399 288 706 307 899 716
842 637 44 294 1167 988 631
621 614 781 209 138 1414 904
377 441 1128 1128 935 889 229
80 242 270 915 880 369 791
335 675 973 1138 845 632 808
606 635 711 213 676 991 133
17 2007 1979 51 387 818 921
522 639 921 208 1374 432 202
980 789 472 473 934 933 397
827 400 421 164 741 752 54
123 819 856 828 1264 672 617
836 874 290 291 307 707 764
755 995 864 355 125 540 53
57 12 284 254 705 918 315
663 340 272 758 657 497 261
916 56 964 219 83 468 1086
768 200 738 451 389 485 1094
876 994 314 789 530 91 958
403 1 699 643 770 414 322
126 836 335 789 891 837 504
75 1015 668 1475 967 1584 603
72 1094 141 135 323 654 490
16 927 13 250 974 193 998
774 838 569 234 895 880 692
954 486 43 65 214 1287 336
833 1279 1146 35 567 169 835
732 889 410 621 194 382 825
377 415 981 951 203 1283 220
356 85 643 99 201 514 388
74 1102 619 1564 1672 385 783
980 108 962 171 320 1428 622
779 825 713 770 1429 286 141
775 341 418 811 450 1118 845
363 696 556 691 835 748 84
408 27 162 119 287 922 789
67 174 379 74 259 847 815
823 261 442 260 792 234 615
684 820 721 30 471 472 506
258 1449 24 55 285 848 144
232 849 489 369 249 643 418
754 366 366 742 69 73 215
562 953 761 28 601 51 796
790 921 140 705 808 652 912
687 625 575 199 53 759 36
256 892 790 326 433 423 986
744 187 144 286 96 295 914
826 1126 1391 562 502 506 1660
480 131 490 372 290 376 620
971 653 524 46 994 1847 128
591 40 483 151 808 228 176
911 132 561 72 76 942 979
852 1227 2721 800 1139 888 525
86 1164 1003 608 186 519 933
529 887 547 280 820 941 365
499 294 980 386 431 43 831
211 303 752 587 640 307 208
238 416 899 1108 1225 1771 806
138 603 711 551 496 525 194
513 674 621 356 994 1074 1202
939 626 886 533 1007 548 426
258 897 912 902 964 727 712
82 935 248 500 411 769 682
848 961 931 1319 1982 1918 181
754 1334 1495 1656 939 2045 563
834 798 811 666 35 667 595
822 618 907 319 316 755 278
726 524 583 322 972 770 643
456 64 588 620 491 472 490
236 133 111 806 208 998 734
196 166 343 883 382 250 694
779 60 380 940 749 729 137
374 285 316 635 403 840 576
780 1175 896 480 475 954 484
42 1285 940 876 420 925 865
519 345 117 171 635 294 317
214 1379 1477 1814 1615 956 986
362 1656 787 1077 1642 652 829
925 967 204 891 597 488 25
129 979 1043 526 911 907 565
912 1150 1310 326 901 57 806
178 429 975 549 154 208 744
671 1640 1323 1330 479 1349 737
853 1670 984 836 1136 695 66
18 259 454 611 1451 123 762
450 1334 1466 1171 1323 1413 907
718 1000 908 529 440 271 634
925 1737 1969 339 70 894 797
942 898 429 674 1688 1401 798
910 517 53 468 978 749 490
364 733 190 53 690 973 367
747 292 3 970 37 469 415
15 742 646 273 88 258 21
482 701 792 698 1025 2226 195
264 2956 1918 2252 2684 1116 1013
865 576 407 339 885 454 686
355 449 408 102 858 527 950
554 236 934 253 31 665 212
180 1500 1859 785 731 79 214
507 770 610 228 301 40 859
504 282 449 116 757 578 385
979 107 845 527 427 528 519
542 741 343 822 1222 136 479
970 446 98 178 443 1866 992
694 705 110 321 698 966 970
357 583 916 719 534 567 338
874 535 228 610 44 860 1333
463 549 666 784 859 327 783
263 35 669 268 506 663 936
211 590 880 420 749 998 220
462 118 249 817 1116 496 10
704 53 302 276 973 1204 617
989 1980 1939 1573 1842 1365 608
916 993 730 224 540 5 1111
643 487 741 698 558 526 254
753 409 39 742 965 296 403
616 979 173 97 273 206 488
749 1143 1053 161 170 6 459
791 1628 1148 599 822 1518 616
172 160 453 954 905 880 1010
875 800 448 650 863 1397 889
405 1108 534 984 938 1671 1026
862 1201 1514 676 1197 1239 465
564 500 448 504 769 490 55
25 257 720 941 821 503 717
787 46 155 71 500 914 109
511 656 443 899 304 1441 548
57 126 502 945 746 998 348
608 445 433 595 63 1095 677
980 117 92 94 931 1172 1127
350 200 102 471 313 784 726
262 221 246 588 404 1332 917
997 1368 2122 1399 1468 2368 1041
248 858 153 547 1086 328 911
331 67 551 597 988 349 394
110 1825 1622 1411 529 843 192
474 337 425 657 496 932 664
944 648 622 775 229 128 488
543 894 733 31 369 449 811
921 340 558 623 1306 641 938
727 722 845 972 15 458 565
431 28 562 471 542 697 66
150 1501 987 108 332 1661 756
490 998 755 613 474 459 716
96 720 528 236 148 947 1921
433 471 126 369 404 445 448
777 134 140 408 321 225 848
826 262 431 217 479 891 536
906 89 94 306 534 928 347
497 877 843 191 1778 211 803
681 374 837 994 850 925 203
305 353 932 537 55 662 955
957 886 1493 878 273 279 627
864 665 680 418 341 911 65
859 652 174 7 1222 219 604
756 772 754 552 855 879 140
258 2023 1517 786 793 759 603
327 890 646 866 813 580 352
372 201 412 252 849 433 265
311 424 746 424 868 577 992
110 132 751 30 461 413 535
934 1237 622 982 661 281 416
332 1654 269 293 885 320 673
464 513 143 241 888 397 207
395 643 144 1910 1214 1877 587
679 620 791 173 6 579 642
91 360 742 944 19 713 909
314 546 859 453 1933 319 1894
685 742 765 60 410 530 652
810 208 370 938 371 1434 833
228 1397 1791 1292 1124 2419 457
784 1270 841 861 885 1093 979
864 694 117 471 568 917 926
340 598 26 889 190 782 141
169 685 177 567 962 216 287
205 1900 840 773 48 589 773
428 818 746 971 225 103 769
759 968 311 220 749 199 838
324 1501 1184 111 426 749 778
423 882 1331 89 444 285 429
710 750 464 180 462 587 645
702 445 804 261 778 768 963
409 879 640 921 101 382 947
188 532 10 964 1175 376 762
12 721 173 806 165 979 423
413 817 621 668 581 53 477
232 695 317 315 995 47 1483
988 1364 656 642 630 463 389
477 2339 1664 1272 1491 2981 983
38 363 294 388 586 485 246
555 695 956 1089 2222 1297 692
480 657 187 647 980 16 387
18 1529 1065 1467 75 1445 268
498 758 115 168 902 55 877
894 441 893 936 646 669 842
279 808 1120 1531 927 638 907
596 275 593 732 224 841 1161
175 1315 404 1625 1477 1178 882
65 498 312 985 1371 245 889
293 227 851 876 241 1030 689
214 1204 1057 606 1143 2201 858
386 1109 1260 1513 1600 548 1054
611 163 402 331 1115 855 572
107 867 396 863 101 904 915
51 873 929 111 879 725 789
381 1049 602 1208 1886 1109 802
759 1239 427 1032 1035 960 723
71 16 54 429 283 160 815
911 858 248 562 830 584 645
560 641 507 735 546 155 60
190 749 190 963 701 523 818
961 1072 388 15 734 665 476
577 139 845 427 893 596 99
703 186 1543 986 553 174 349
851 95 719 57 285 1230 971
628 949 524 84 121 86 996
61 1618 552 848 488 1711 891
635 1310 787 1330 1251 913 599
501 580 1554 535 929 2195 404
757 422 976 319 843 747 1672
265 715 499 24 1885 322 1435
496 857 570 778 1352 640 317
962 364 394 80 891 677 590
543 754 823 223 86 914 311
280 724 54 827 817 860 1046
59 537 448 102 38 939 748
703 212 735 8 1238 2555 460
287 43 440 182 270 942 915
988 829 510 535 976 400 603
220 885 164 943 122 74 376
39 654 1601 123 332 475 600
620 345 254 146 1178 888 20
40 30 876 6 758 732 702
552 388 23 713 1302 1068 556
406 925 750 137 687 515 249
773 764 603 224 403 189 1054
517 463 815 650 81 97 942
101 721 504 718 600 550 215
463 1709 887 614 1234 1126 806
425 599 221 1375 159 1639 1015
545 2279 2276 896 1654 659 875
382 1659 1916 1171 1928 1350 243
776 64 20 314 931 858 747
383 715 398 460 108 937 539
284 469 24 130 497 620 852
426 10 277 481 695 804 908
548 791 753 486 54 278 390
586 277 876 483 987 45 925
20 707 1415 265 296 750 486
436 788 310 793 906 272 494
987 872 870 459 563 993 65
818 1507 1434 334 1320 144 217
473 728 140 377 274 894 10
933 884 541 551 741 311 1138
627 14 649 210 813 983 1882
14 323 608 270 792 889 429
662 382 237 592 356 456 1591
532 1270 798 501 629 399 656
82 224 546 622 184 946 75
485 528 948 731 380 596 441
664 825 1180 917 1380 582 931
772 480 992 434 164 255 314
890 477 538 696 396 670 155
636 807 364 45 328 840 567
80 42 819 375 639 597 777
469 229 467 53 1068 42 1819
596 745 1139 718 1043 1094 629
374 851 979 334 686 551 906
377 366 152 779 238 490 546
277 945 232 605 728 331 756
406 549 900 769 596 392 474
483 201 24 646 997 754 337
140 1411 1193 982 862 889 773
870 248 117 207 995 240 519
911 76 41 617 85 892 833
787 1549 2028 1758 1517 1898 458
326 1000 858 1541 1520 1593 504
28 365 457 430 183 357 860
348 366 96 486 310 529 10
526 1455 1426 1187 2137 2122 490
591 242 813 870 835 896 208
536 142 817 752 268 987 733
386 291 987 290 575 299 821
642 70 287 786 243 1388 1428
91 4 861 872 473 1882 486
645 1231 841 707 800 468 421
760 215 932 1700 1102 329 2061
417 331 213 154 214 386 963
605 471 591 567 346 259 875
909 669 934 14 558 450 1199
721 938 161 213 900 217 99
46 1692 338 1603 751 1598 787
384 610 547 65 689 675 919
225 799 749 373 190 165 377
331 423 902 570 164 832 870
880 337 457 447 297 1412 972
189 925 1212 1092 739 1002 884
